d =

 Columns 1 through 9:

   7.0000e+00   5.0000e+00   3.0000e+00   5.0000e+00   8.6200e+01   2.6200e+01   9.4300e+01   5.1000e+00   8.2000e+00
   7.0000e+00   4.0000e+00   1.0000e+01   2.0000e+00   9.0600e+01   3.5400e+01   6.6910e+02   6.7000e+00   1.8000e+01
   7.0000e+00   4.0000e+00   1.0000e+01   6.0000e+00   9.0600e+01   4.3700e+01   6.8690e+02   6.7000e+00   1.4600e+01
   8.0000e+00   6.0000e+00   3.0000e+00   5.0000e+00   9.1700e+01   3.3300e+01   7.7500e+01   9.0000e+00   8.3000e+00
   8.0000e+00   6.0000e+00   3.0000e+00   7.0000e+00   8.9300e+01   5.1300e+01   1.0220e+02   9.6000e+00   1.1400e+01
   8.0000e+00   6.0000e+00   8.0000e+00   7.0000e+00   9.2300e+01   8.5300e+01   4.8800e+02   1.4700e+01   2.2200e+01
   8.0000e+00   6.0000e+00   8.0000e+00   1.0000e+00   9.2300e+01   8.8900e+01   4.9560e+02   8.5000e+00   2.4100e+01
   8.0000e+00   6.0000e+00   8.0000e+00   1.0000e+00   9.1500e+01   1.4540e+02   6.0820e+02   1.0700e+01   8.0000e+00
   8.0000e+00   6.0000e+00   9.0000e+00   2.0000e+00   9.1000e+01   1.2950e+02   6.9260e+02   7.0000e+00   1.3100e+01
   7.0000e+00   5.0000e+00   9.0000e+00   6.0000e+00   9.2500e+01   8.8000e+01   6.9860e+02   7.1000e+00   2.2800e+01
   7.0000e+00   5.0000e+00   9.0000e+00   6.0000e+00   9.2500e+01   8.8000e+01   6.9860e+02   7.1000e+00   1.7800e+01
   7.0000e+00   5.0000e+00   9.0000e+00   6.0000e+00   9.2800e+01   7.3200e+01   7.1300e+02   2.2600e+01   1.9300e+01
   6.0000e+00   5.0000e+00   8.0000e+00   5.0000e+00   6.3500e+01   7.0800e+01   6.6530e+02   8.0000e-01   1.7000e+01
   6.0000e+00   5.0000e+00   9.0000e+00   1.0000e+00   9.0900e+01   1.2650e+02   6.8650e+02   7.0000e+00   2.1300e+01
   6.0000e+00   5.0000e+00   9.0000e+00   3.0000e+00   9.2900e+01   1.3330e+02   6.9960e+02   9.2000e+00   2.6400e+01
   6.0000e+00   5.0000e+00   9.0000e+00   5.0000e+00   9.3300e+01   1.4120e+02   7.1390e+02   1.3900e+01   2.2900e+01
   5.0000e+00   5.0000e+00   3.0000e+00   6.0000e+00   9.1700e+01   3.5800e+01   8.0800e+01   7.8000e+00   1.5100e+01
   8.0000e+00   5.0000e+00   1.0000e+01   1.0000e+00   8.4900e+01   3.2800e+01   6.6420e+02   3.0000e+00   1.6700e+01
   6.0000e+00   4.0000e+00   3.0000e+00   3.0000e+00   8.9200e+01   2.7900e+01   7.0800e+01   6.3000e+00   1.5900e+01
   6.0000e+00   4.0000e+00   4.0000e+00   6.0000e+00   8.6300e+01   2.7400e+01   9.7100e+01   5.1000e+00   9.3000e+00
   6.0000e+00   4.0000e+00   9.0000e+00   2.0000e+00   9.1000e+01   1.2950e+02   6.9260e+02   7.0000e+00   1.8300e+01
   5.0000e+00   4.0000e+00   9.0000e+00   1.0000e+00   9.1800e+01   7.8500e+01   7.2430e+02   9.2000e+00   1.9100e+01
   7.0000e+00   4.0000e+00   6.0000e+00   7.0000e+00   9.4300e+01   9.6300e+01   2.0000e+02   5.6100e+01   2.1000e+01
   7.0000e+00   4.0000e+00   8.0000e+00   6.0000e+00   9.0200e+01   1.1090e+02   5.3740e+02   6.2000e+00   1.9500e+01
   7.0000e+00   4.0000e+00   8.0000e+00   6.0000e+00   9.3500e+01   1.3940e+02   5.9420e+02   2.0300e+01   2.3700e+01
   7.0000e+00   4.0000e+00   8.0000e+00   7.0000e+00   9.1400e+01   1.4240e+02   6.0140e+02   1.0600e+01   1.6300e+01
   7.0000e+00   4.0000e+00   9.0000e+00   5.0000e+00   9.2400e+01   1.1790e+02   6.6800e+02   1.2200e+01   1.9000e+01
   7.0000e+00   4.0000e+00   9.0000e+00   1.0000e+00   9.0900e+01   1.2650e+02   6.8650e+02   7.0000e+00   1.9400e+01
   6.0000e+00   3.0000e+00   9.0000e+00   6.0000e+00   9.3400e+01   1.4540e+02   7.2140e+02   8.1000e+00   3.0200e+01
   6.0000e+00   3.0000e+00   9.0000e+00   7.0000e+00   9.3500e+01   1.4930e+02   7.2860e+02   8.1000e+00   2.2800e+01
   6.0000e+00   3.0000e+00   9.0000e+00   5.0000e+00   9.4300e+01   8.5100e+01   6.9230e+02   1.5900e+01   2.5400e+01
   6.0000e+00   3.0000e+00   9.0000e+00   1.0000e+00   8.8600e+01   9.1800e+01   7.0990e+02   7.1000e+00   1.1200e+01
   6.0000e+00   3.0000e+00   9.0000e+00   5.0000e+00   8.8600e+01   6.9700e+01   7.0680e+02   5.8000e+00   2.0600e+01
   6.0000e+00   3.0000e+00   9.0000e+00   7.0000e+00   9.1700e+01   7.5600e+01   7.1830e+02   7.8000e+00   1.7700e+01
   6.0000e+00   3.0000e+00   9.0000e+00   1.0000e+00   9.1800e+01   7.8500e+01   7.2430e+02   9.2000e+00   2.1200e+01
   6.0000e+00   3.0000e+00   9.0000e+00   2.0000e+00   9.0300e+01   8.0700e+01   7.3020e+02   6.3000e+00   1.8200e+01
   6.0000e+00   3.0000e+00   1.0000e+01   2.0000e+00   9.0600e+01   3.5400e+01   6.6910e+02   6.7000e+00   2.1700e+01
   7.0000e+00   4.0000e+00   1.0000e+01   5.0000e+00   9.0000e+01   4.1500e+01   6.8260e+02   8.7000e+00   1.1300e+01
   7.0000e+00   3.0000e+00   1.0000e+01   6.0000e+00   9.0600e+01   4.3700e+01   6.8690e+02   6.7000e+00   1.7800e+01
   4.0000e+00   4.0000e+00   3.0000e+00   2.0000e+00   8.8100e+01   2.5700e+01   6.7600e+01   3.8000e+00   1.4100e+01
   4.0000e+00   4.0000e+00   7.0000e+00   2.0000e+00   7.9500e+01   6.0600e+01   3.6670e+02   1.5000e+00   2.3300e+01
   4.0000e+00   4.0000e+00   8.0000e+00   6.0000e+00   9.0200e+01   9.6900e+01   6.2420e+02   8.9000e+00   1.8400e+01
   4.0000e+00   4.0000e+00   8.0000e+00   2.0000e+00   9.4800e+01   1.0830e+02   6.4710e+02   1.7000e+01   1.6600e+01
   4.0000e+00   4.0000e+00   9.0000e+00   6.0000e+00   9.2500e+01   8.8000e+01   6.9860e+02   7.1000e+00   1.9600e+01
   4.0000e+00   4.0000e+00   9.0000e+00   3.0000e+00   9.0100e+01   8.2900e+01   7.3570e+02   6.2000e+00   1.2900e+01
   5.0000e+00   6.0000e+00   9.0000e+00   3.0000e+00   9.4300e+01   8.5100e+01   6.9230e+02   1.5900e+01   2.5900e+01
   5.0000e+00   6.0000e+00   9.0000e+00   1.0000e+00   9.0900e+01   1.2650e+02   6.8650e+02   7.0000e+00   1.4700e+01
   6.0000e+00   6.0000e+00   7.0000e+00   1.0000e+00   9.4200e+01   6.2300e+01   4.4290e+02   1.1000e+01   2.3000e+01
   4.0000e+00   4.0000e+00   3.0000e+00   1.0000e+00   8.7200e+01   2.3900e+01   6.4700e+01   4.1000e+00   1.1800e+01
   4.0000e+00   4.0000e+00   3.0000e+00   1.0000e+00   8.7600e+01   5.2200e+01   1.0380e+02   5.0000e+00   1.1000e+01
   4.0000e+00   4.0000e+00   9.0000e+00   4.0000e+00   9.2900e+01   1.3700e+02   7.0640e+02   9.2000e+00   2.0800e+01
   4.0000e+00   3.0000e+00   8.0000e+00   7.0000e+00   9.0200e+01   9.9600e+01   6.3120e+02   6.3000e+00   2.1500e+01
   4.0000e+00   3.0000e+00   8.0000e+00   3.0000e+00   9.2100e+01   1.1120e+02   6.5410e+02   9.6000e+00   2.0400e+01
   4.0000e+00   3.0000e+00   8.0000e+00   3.0000e+00   9.2100e+01   1.1120e+02   6.5410e+02   9.6000e+00   2.0400e+01
   4.0000e+00   3.0000e+00   8.0000e+00   4.0000e+00   9.1700e+01   1.1430e+02   6.6130e+02   6.3000e+00   1.7600e+01
   4.0000e+00   3.0000e+00   9.0000e+00   4.0000e+00   9.2900e+01   1.3700e+02   7.0640e+02   9.2000e+00   2.7700e+01
   4.0000e+00   3.0000e+00   9.0000e+00   2.0000e+00   9.0300e+01   8.0700e+01   7.3020e+02   6.3000e+00   1.7800e+01
   4.0000e+00   3.0000e+00   1.0000e+01   7.0000e+00   9.2600e+01   4.6500e+01   6.9180e+02   8.8000e+00   1.3800e+01
   2.0000e+00   2.0000e+00   2.0000e+00   1.0000e+00   8.4000e+01   9.3000e+00   3.4000e+01   2.1000e+00   1.3900e+01
   2.0000e+00   2.0000e+00   2.0000e+00   5.0000e+00   8.6600e+01   1.3200e+01   4.3000e+01   5.3000e+00   1.2300e+01
   2.0000e+00   2.0000e+00   3.0000e+00   7.0000e+00   8.9300e+01   5.1300e+01   1.0220e+02   9.6000e+00   1.1500e+01
   2.0000e+00   2.0000e+00   3.0000e+00   7.0000e+00   8.9300e+01   5.1300e+01   1.0220e+02   9.6000e+00   5.5000e+00
   2.0000e+00   2.0000e+00   8.0000e+00   4.0000e+00   9.3000e+01   7.5300e+01   4.6660e+02   7.7000e+00   1.8800e+01
   2.0000e+00   2.0000e+00   8.0000e+00   7.0000e+00   9.0200e+01   9.9600e+01   6.3120e+02   6.3000e+00   2.0800e+01
   2.0000e+00   2.0000e+00   8.0000e+00   1.0000e+00   9.1100e+01   1.0320e+02   6.3880e+02   5.8000e+00   2.3100e+01
   2.0000e+00   2.0000e+00   8.0000e+00   4.0000e+00   9.1700e+01   1.1430e+02   6.6130e+02   6.3000e+00   1.8600e+01
   2.0000e+00   2.0000e+00   9.0000e+00   5.0000e+00   9.2400e+01   1.1790e+02   6.6800e+02   1.2200e+01   2.3000e+01
   2.0000e+00   2.0000e+00   9.0000e+00   5.0000e+00   9.2400e+01   1.1790e+02   6.6800e+02   1.2200e+01   1.9600e+01
   2.0000e+00   2.0000e+00   9.0000e+00   5.0000e+00   9.2400e+01   1.1790e+02   6.6800e+02   1.2200e+01   1.9600e+01
   4.0000e+00   5.0000e+00   3.0000e+00   5.0000e+00   9.1700e+01   3.3300e+01   7.7500e+01   9.0000e+00   1.7200e+01
   4.0000e+00   5.0000e+00   3.0000e+00   5.0000e+00   9.1200e+01   4.8300e+01   9.7800e+01   1.2500e+01   1.5800e+01
   4.0000e+00   5.0000e+00   9.0000e+00   5.0000e+00   9.4300e+01   8.5100e+01   6.9230e+02   1.5900e+01   1.7700e+01
   5.0000e+00   4.0000e+00   3.0000e+00   5.0000e+00   9.1700e+01   3.3300e+01   7.7500e+01   9.0000e+00   1.5600e+01
   5.0000e+00   4.0000e+00   8.0000e+00   2.0000e+00   8.8800e+01   1.4730e+02   6.1450e+02   9.0000e+00   1.7300e+01
   5.0000e+00   4.0000e+00   9.0000e+00   5.0000e+00   9.3300e+01   1.4120e+02   7.1390e+02   1.3900e+01   2.7600e+01
   9.0000e+00   9.0000e+00   2.0000e+00   4.0000e+00   8.4200e+01   6.8000e+00   2.6600e+01   7.7000e+00   6.7000e+00
   9.0000e+00   9.0000e+00   2.0000e+00   5.0000e+00   8.6600e+01   1.3200e+01   4.3000e+01   5.3000e+00   1.5700e+01
   1.0000e+00   3.0000e+00   3.0000e+00   1.0000e+00   8.7600e+01   5.2200e+01   1.0380e+02   5.0000e+00   8.3000e+00
   1.0000e+00   2.0000e+00   8.0000e+00   5.0000e+00   9.0100e+01   1.0800e+02   5.2980e+02   1.2500e+01   1.4700e+01
   1.0000e+00   2.0000e+00   8.0000e+00   2.0000e+00   9.1000e+01   1.2120e+02   5.6160e+02   7.0000e+00   2.1600e+01
   1.0000e+00   2.0000e+00   8.0000e+00   7.0000e+00   9.1400e+01   1.4240e+02   6.0140e+02   1.0600e+01   1.9500e+01
   1.0000e+00   2.0000e+00   8.0000e+00   7.0000e+00   9.0200e+01   9.9600e+01   6.3120e+02   6.3000e+00   1.7900e+01
   1.0000e+00   2.0000e+00   8.0000e+00   2.0000e+00   9.4800e+01   1.0830e+02   6.4710e+02   1.7000e+01   1.8600e+01
   1.0000e+00   2.0000e+00   8.0000e+00   3.0000e+00   9.2100e+01   1.1120e+02   6.5410e+02   9.6000e+00   1.6600e+01
   1.0000e+00   2.0000e+00   8.0000e+00   4.0000e+00   9.1700e+01   1.1430e+02   6.6130e+02   6.3000e+00   2.0200e+01
   1.0000e+00   2.0000e+00   9.0000e+00   4.0000e+00   9.2900e+01   1.3700e+02   7.0640e+02   9.2000e+00   2.1500e+01
   1.0000e+00   2.0000e+00   9.0000e+00   4.0000e+00   9.2900e+01   1.3700e+02   7.0640e+02   9.2000e+00   2.5400e+01
   1.0000e+00   2.0000e+00   9.0000e+00   4.0000e+00   9.2900e+01   1.3700e+02   7.0640e+02   9.2000e+00   2.2400e+01
   1.0000e+00   2.0000e+00   9.0000e+00   7.0000e+00   9.3500e+01   1.4930e+02   7.2860e+02   8.1000e+00   2.5300e+01
   6.0000e+00   5.0000e+00   3.0000e+00   6.0000e+00   9.1700e+01   3.5800e+01   8.0800e+01   7.8000e+00   1.7400e+01
   6.0000e+00   5.0000e+00   8.0000e+00   6.0000e+00   9.0200e+01   9.6900e+01   6.2420e+02   8.9000e+00   1.4700e+01
   8.0000e+00   6.0000e+00   3.0000e+00   5.0000e+00   9.1700e+01   3.5800e+01   8.0800e+01   7.8000e+00   1.7400e+01
   8.0000e+00   6.0000e+00   8.0000e+00   7.0000e+00   9.2300e+01   8.5300e+01   4.8800e+02   1.4700e+01   2.0800e+01
   8.0000e+00   6.0000e+00   8.0000e+00   7.0000e+00   9.1400e+01   1.4240e+02   6.0140e+02   1.0600e+01   1.8200e+01
   8.0000e+00   6.0000e+00   8.0000e+00   1.0000e+00   9.1100e+01   1.0320e+02   6.3880e+02   5.8000e+00   2.3400e+01
   4.0000e+00   4.0000e+00   9.0000e+00   7.0000e+00   8.9700e+01   9.0000e+01   7.0440e+02   4.8000e+00   1.7800e+01
   3.0000e+00   4.0000e+00   2.0000e+00   6.0000e+00   8.3900e+01   8.0000e+00   3.0200e+01   2.6000e+00   1.2700e+01
   3.0000e+00   4.0000e+00   3.0000e+00   6.0000e+00   6.9000e+01   2.4000e+00   1.5500e+01   7.0000e-01   1.7400e+01
   3.0000e+00   4.0000e+00   8.0000e+00   7.0000e+00   9.1400e+01   1.4240e+02   6.0140e+02   1.0600e+01   1.1600e+01
   3.0000e+00   4.0000e+00   8.0000e+00   7.0000e+00   9.1400e+01   1.4240e+02   6.0140e+02   1.0600e+01   1.9800e+01
   3.0000e+00   4.0000e+00   8.0000e+00   7.0000e+00   9.1400e+01   1.4240e+02   6.0140e+02   1.0600e+01   1.9800e+01
   3.0000e+00   4.0000e+00   8.0000e+00   2.0000e+00   8.8800e+01   1.4730e+02   6.1450e+02   9.0000e+00   1.4400e+01
   2.0000e+00   4.0000e+00   8.0000e+00   2.0000e+00   9.4800e+01   1.0830e+02   6.4710e+02   1.7000e+01   2.0100e+01
   2.0000e+00   4.0000e+00   9.0000e+00   6.0000e+00   9.2500e+01   1.2110e+02   6.7440e+02   8.6000e+00   2.4100e+01
   2.0000e+00   4.0000e+00   1.0000e+00   6.0000e+00   8.2100e+01   3.7000e+00   9.3000e+00   2.9000e+00   5.3000e+00
   4.0000e+00   5.0000e+00   3.0000e+00   5.0000e+00   8.5900e+01   1.9500e+01   5.7300e+01   2.8000e+00   1.2700e+01
   4.0000e+00   5.0000e+00   3.0000e+00   4.0000e+00   9.1400e+01   3.0700e+01   7.4300e+01   7.5000e+00   1.8200e+01
   4.0000e+00   5.0000e+00   8.0000e+00   7.0000e+00   9.0200e+01   9.9600e+01   6.3120e+02   6.3000e+00   2.1400e+01
   4.0000e+00   5.0000e+00   9.0000e+00   6.0000e+00   9.2500e+01   8.8000e+01   6.9860e+02   7.1000e+00   2.0300e+01
   4.0000e+00   5.0000e+00   9.0000e+00   1.0000e+00   8.8600e+01   9.1800e+01   7.0990e+02   7.1000e+00   1.7400e+01
   4.0000e+00   4.0000e+00   3.0000e+00   5.0000e+00   8.5900e+01   1.9500e+01   5.7300e+01   2.8000e+00   1.3700e+01
   3.0000e+00   4.0000e+00   3.0000e+00   5.0000e+00   9.1700e+01   3.3300e+01   7.7500e+01   9.0000e+00   1.8800e+01
   3.0000e+00   4.0000e+00   9.0000e+00   7.0000e+00   8.9700e+01   9.0000e+01   7.0440e+02   4.8000e+00   2.2800e+01
   3.0000e+00   4.0000e+00   9.0000e+00   1.0000e+00   9.1800e+01   7.8500e+01   7.2430e+02   9.2000e+00   1.8900e+01
   3.0000e+00   4.0000e+00   3.0000e+00   2.0000e+00   8.8100e+01   2.5700e+01   6.7600e+01   3.8000e+00   1.5800e+01
   3.0000e+00   5.0000e+00   3.0000e+00   2.0000e+00   8.8100e+01   2.5700e+01   6.7600e+01   3.8000e+00   1.5500e+01
   3.0000e+00   4.0000e+00   3.0000e+00   6.0000e+00   9.1700e+01   3.5800e+01   8.0800e+01   7.8000e+00   1.1600e+01
   3.0000e+00   4.0000e+00   3.0000e+00   6.0000e+00   9.1700e+01   3.5800e+01   8.0800e+01   7.8000e+00   1.5200e+01
   3.0000e+00   4.0000e+00   3.0000e+00   1.0000e+00   9.0100e+01   3.9700e+01   8.6600e+01   6.2000e+00   1.0600e+01
   3.0000e+00   4.0000e+00   8.0000e+00   4.0000e+00   9.3000e+01   7.5300e+01   4.6660e+02   7.7000e+00   1.9600e+01
   3.0000e+00   4.0000e+00   8.0000e+00   1.0000e+00   9.1500e+01   1.4540e+02   6.0820e+02   1.0700e+01   1.0300e+01
   3.0000e+00   4.0000e+00   8.0000e+00   1.0000e+00   9.1500e+01   1.4540e+02   6.0820e+02   1.0700e+01   1.7100e+01
   3.0000e+00   4.0000e+00   9.0000e+00   7.0000e+00   9.2400e+01   1.2410e+02   6.8070e+02   8.5000e+00   2.2500e+01
   3.0000e+00   4.0000e+00   9.0000e+00   2.0000e+00   8.4400e+01   7.3400e+01   6.7190e+02   3.2000e+00   1.7900e+01
   3.0000e+00   4.0000e+00   9.0000e+00   5.0000e+00   9.4300e+01   8.5100e+01   6.9230e+02   1.5900e+01   1.9800e+01
   3.0000e+00   4.0000e+00   1.0000e+01   7.0000e+00   9.2600e+01   4.6500e+01   6.9180e+02   8.8000e+00   2.0600e+01
   3.0000e+00   5.0000e+00   3.0000e+00   1.0000e+00   8.7600e+01   5.2200e+01   1.0380e+02   5.0000e+00   9.0000e+00
   3.0000e+00   5.0000e+00   9.0000e+00   5.0000e+00   9.3500e+01   1.4930e+02   7.2860e+02   8.1000e+00   1.7200e+01
   3.0000e+00   5.0000e+00   1.0000e+01   3.0000e+00   9.1400e+01   3.7900e+01   6.7380e+02   5.2000e+00   1.5900e+01
   2.0000e+00   5.0000e+00   1.0000e+01   7.0000e+00   9.2600e+01   4.6500e+01   6.9180e+02   8.8000e+00   1.5400e+01
   4.0000e+00   6.0000e+00   2.0000e+00   6.0000e+00   6.8200e+01   2.1500e+01   8.7200e+01   8.0000e-01   1.5400e+01
   4.0000e+00   6.0000e+00   3.0000e+00   1.0000e+00   8.7200e+01   2.3900e+01   6.4700e+01   4.1000e+00   1.4000e+01
   4.0000e+00   6.0000e+00   3.0000e+00   7.0000e+00   8.9300e+01   5.1300e+01   1.0220e+02   9.6000e+00   1.0600e+01
   4.0000e+00   6.0000e+00   9.0000e+00   4.0000e+00   9.3700e+01   8.0900e+01   6.8520e+02   1.7900e+01   1.7600e+01
   3.0000e+00   5.0000e+00   3.0000e+00   2.0000e+00   8.8100e+01   2.5700e+01   6.7600e+01   3.8000e+00   1.4900e+01
   3.0000e+00   5.0000e+00   8.0000e+00   6.0000e+00   9.3500e+01   1.3940e+02   5.9420e+02   2.0300e+01   1.7600e+01
   3.0000e+00   6.0000e+00   9.0000e+00   7.0000e+00   9.2400e+01   1.2410e+02   6.8070e+02   8.5000e+00   1.7200e+01
   3.0000e+00   6.0000e+00   9.0000e+00   1.0000e+00   9.0900e+01   1.2650e+02   6.8650e+02   7.0000e+00   1.5600e+01
   9.0000e+00   9.0000e+00   7.0000e+00   2.0000e+00   8.5800e+01   4.8300e+01   3.1340e+02   3.9000e+00   1.8000e+01
   1.0000e+00   4.0000e+00   9.0000e+00   2.0000e+00   9.1000e+01   1.2950e+02   6.9260e+02   7.0000e+00   2.1700e+01
   2.0000e+00   5.0000e+00   9.0000e+00   1.0000e+00   9.0900e+01   1.2650e+02   6.8650e+02   7.0000e+00   2.1900e+01
   1.0000e+00   2.0000e+00   8.0000e+00   3.0000e+00   9.5500e+01   9.9900e+01   5.1330e+02   1.3200e+01   2.3300e+01
   8.0000e+00   6.0000e+00   8.0000e+00   5.0000e+00   9.0100e+01   1.0800e+02   5.2980e+02   1.2500e+01   2.1200e+01
   1.0000e+00   2.0000e+00   7.0000e+00   6.0000e+00   9.0000e+01   5.1300e+01   2.9630e+02   8.7000e+00   1.6600e+01
   2.0000e+00   5.0000e+00   8.0000e+00   3.0000e+00   9.5500e+01   9.9900e+01   5.1330e+02   1.3200e+01   2.3800e+01
   6.0000e+00   5.0000e+00   8.0000e+00   4.0000e+00   9.5200e+01   1.3170e+02   5.7880e+02   1.0400e+01   2.7400e+01
   5.0000e+00   4.0000e+00   3.0000e+00   1.0000e+00   9.0100e+01   3.9700e+01   8.6600e+01   6.2000e+00   1.3200e+01
   8.0000e+00   3.0000e+00   9.0000e+00   2.0000e+00   8.4400e+01   7.3400e+01   6.7190e+02   3.2000e+00   2.4200e+01
   2.0000e+00   2.0000e+00   8.0000e+00   2.0000e+00   9.4800e+01   1.0830e+02   6.4710e+02   1.7000e+01   1.7400e+01
   8.0000e+00   6.0000e+00   9.0000e+00   4.0000e+00   9.3700e+01   8.0900e+01   6.8520e+02   1.7900e+01   2.3700e+01
   6.0000e+00   5.0000e+00   6.0000e+00   5.0000e+00   9.2500e+01   5.6400e+01   4.3330e+02   7.1000e+00   2.3200e+01
   9.0000e+00   9.0000e+00   7.0000e+00   7.0000e+00   9.0100e+01   6.8600e+01   3.5520e+02   7.2000e+00   2.4800e+01
   3.0000e+00   4.0000e+00   7.0000e+00   6.0000e+00   9.0100e+01   5.1200e+01   4.2410e+02   6.2000e+00   2.4600e+01
   5.0000e+00   4.0000e+00   9.0000e+00   5.0000e+00   9.4300e+01   8.5100e+01   6.9230e+02   1.5900e+01   2.0100e+01
   1.0000e+00   5.0000e+00   9.0000e+00   6.0000e+00   9.3400e+01   1.4540e+02   7.2140e+02   8.1000e+00   2.9600e+01
   7.0000e+00   4.0000e+00   8.0000e+00   7.0000e+00   9.4800e+01   1.0830e+02   6.4710e+02   1.7000e+01   1.6400e+01
   2.0000e+00   4.0000e+00   9.0000e+00   6.0000e+00   9.3400e+01   1.4540e+02   7.2140e+02   8.1000e+00   2.8600e+01
   2.0000e+00   2.0000e+00   8.0000e+00   3.0000e+00   9.2100e+01   1.1120e+02   6.5410e+02   9.6000e+00   1.8400e+01
   2.0000e+00   4.0000e+00   8.0000e+00   3.0000e+00   9.2100e+01   1.1120e+02   6.5410e+02   9.6000e+00   2.0500e+01
   7.0000e+00   4.0000e+00   9.0000e+00   5.0000e+00   9.2400e+01   1.1790e+02   6.6800e+02   1.2200e+01   1.9000e+01
   7.0000e+00   4.0000e+00   3.0000e+00   1.0000e+00   9.0100e+01   3.9700e+01   8.6600e+01   6.2000e+00   1.6100e+01
   6.0000e+00   4.0000e+00   8.0000e+00   4.0000e+00   9.5200e+01   1.3170e+02   5.7880e+02   1.0400e+01   2.0300e+01
   6.0000e+00   3.0000e+00   3.0000e+00   6.0000e+00   9.0600e+01   5.0100e+01   1.0040e+02   7.8000e+00   1.5200e+01
   8.0000e+00   6.0000e+00   9.0000e+00   6.0000e+00   9.2500e+01   1.2110e+02   6.7440e+02   8.6000e+00   1.7800e+01
   8.0000e+00   5.0000e+00   9.0000e+00   7.0000e+00   8.9700e+01   9.0000e+01   7.0440e+02   4.8000e+00   1.7800e+01
   6.0000e+00   5.0000e+00   3.0000e+00   4.0000e+00   8.4900e+01   1.8200e+01   5.5000e+01   3.0000e+00   5.3000e+00
   6.0000e+00   5.0000e+00   8.0000e+00   3.0000e+00   9.2100e+01   1.1120e+02   6.5410e+02   9.6000e+00   1.6600e+01
   6.0000e+00   5.0000e+00   8.0000e+00   3.0000e+00   9.6000e+01   1.2710e+02   5.7050e+02   1.6500e+01   2.3400e+01
   6.0000e+00   5.0000e+00   3.0000e+00   5.0000e+00   9.1200e+01   4.8300e+01   9.7800e+01   1.2500e+01   1.4600e+01
   8.0000e+00   6.0000e+00   8.0000e+00   4.0000e+00   9.5200e+01   1.3170e+02   5.7880e+02   1.0400e+01   2.0700e+01
   5.0000e+00   4.0000e+00   9.0000e+00   3.0000e+00   9.2900e+01   1.3330e+02   6.9960e+02   9.2000e+00   2.1900e+01
   8.0000e+00   6.0000e+00   8.0000e+00   3.0000e+00   8.5600e+01   9.0400e+01   6.0960e+02   6.6000e+00   1.7400e+01
   7.0000e+00   4.0000e+00   8.0000e+00   7.0000e+00   9.1400e+01   1.4240e+02   6.0140e+02   1.0600e+01   2.0100e+01
   4.0000e+00   4.0000e+00   9.0000e+00   1.0000e+00   9.0900e+01   1.2650e+02   6.8650e+02   7.0000e+00   1.7700e+01
   1.0000e+00   4.0000e+00   8.0000e+00   6.0000e+00   9.0200e+01   9.6900e+01   6.2420e+02   8.9000e+00   1.4200e+01
   1.0000e+00   4.0000e+00   8.0000e+00   6.0000e+00   9.0200e+01   9.6900e+01   6.2420e+02   8.9000e+00   2.0300e+01
   6.0000e+00   5.0000e+00   4.0000e+00   4.0000e+00   8.1500e+01   9.1000e+00   5.5200e+01   2.7000e+00   5.8000e+00
   2.0000e+00   5.0000e+00   8.0000e+00   7.0000e+00   9.0200e+01   9.9600e+01   6.3120e+02   6.3000e+00   1.9200e+01
   2.0000e+00   5.0000e+00   9.0000e+00   3.0000e+00   9.0100e+01   8.2900e+01   7.3570e+02   6.2000e+00   1.8300e+01
   8.0000e+00   6.0000e+00   8.0000e+00   2.0000e+00   8.8800e+01   1.4730e+02   6.1450e+02   9.0000e+00   1.4400e+01
   1.0000e+00   3.0000e+00   9.0000e+00   7.0000e+00   9.2400e+01   1.2410e+02   6.8070e+02   8.5000e+00   2.3900e+01
   8.0000e+00   6.0000e+00   1.0000e+01   1.0000e+00   8.4900e+01   3.2800e+01   6.6420e+02   3.0000e+00   1.9100e+01
   5.0000e+00   4.0000e+00   2.0000e+00   7.0000e+00   8.6800e+01   1.5600e+01   4.8300e+01   3.9000e+00   1.2400e+01
   7.0000e+00   4.0000e+00   1.0000e+01   1.0000e+00   9.1700e+01   4.8500e+01   6.9610e+02   1.1100e+01   1.6800e+01
   8.0000e+00   6.0000e+00   8.0000e+00   5.0000e+00   9.3900e+01   1.3570e+02   5.8670e+02   1.5100e+01   2.0800e+01
   2.0000e+00   5.0000e+00   9.0000e+00   2.0000e+00   9.1000e+01   1.2950e+02   6.9260e+02   7.0000e+00   1.7600e+01
   8.0000e+00   6.0000e+00   3.0000e+00   7.0000e+00   8.9300e+01   5.1300e+01   1.0220e+02   9.6000e+00   1.1500e+01
   1.0000e+00   5.0000e+00   9.0000e+00   1.0000e+00   9.0900e+01   1.2650e+02   6.8650e+02   7.0000e+00   2.1000e+01
   6.0000e+00   4.0000e+00   3.0000e+00   6.0000e+00   9.0800e+01   4.1900e+01   8.9400e+01   7.9000e+00   1.3300e+01
   7.0000e+00   4.0000e+00   3.0000e+00   7.0000e+00   9.0700e+01   4.4000e+01   9.2400e+01   5.5000e+00   1.1500e+01
   6.0000e+00   5.0000e+00   3.0000e+00   5.0000e+00   9.1200e+01   4.8300e+01   9.7800e+01   1.2500e+01   1.1700e+01
   2.0000e+00   5.0000e+00   8.0000e+00   4.0000e+00   9.5200e+01   1.3170e+02   5.7880e+02   1.0400e+01   2.4200e+01
   2.0000e+00   2.0000e+00   8.0000e+00   2.0000e+00   9.4800e+01   1.0830e+02   6.4710e+02   1.7000e+01   2.4600e+01
   4.0000e+00   5.0000e+00   9.0000e+00   3.0000e+00   9.2900e+01   1.3330e+02   6.9960e+02   9.2000e+00   2.4300e+01
   2.0000e+00   2.0000e+00   8.0000e+00   2.0000e+00   9.4800e+01   1.0830e+02   6.4710e+02   1.7000e+01   2.4600e+01
   2.0000e+00   5.0000e+00   8.0000e+00   5.0000e+00   9.3900e+01   1.3570e+02   5.8670e+02   1.5100e+01   2.3500e+01
   6.0000e+00   5.0000e+00   4.0000e+00   4.0000e+00   8.1500e+01   9.1000e+00   5.5200e+01   2.7000e+00   5.8000e+00
   4.0000e+00   5.0000e+00   9.0000e+00   4.0000e+00   9.2900e+01   1.3700e+02   7.0640e+02   9.2000e+00   2.1500e+01
   3.0000e+00   4.0000e+00   9.0000e+00   2.0000e+00   9.1000e+01   1.2950e+02   6.9260e+02   7.0000e+00   1.3900e+01
   2.0000e+00   4.0000e+00   9.0000e+00   1.0000e+00   6.3500e+01   7.0800e+01   6.6530e+02   8.0000e-01   2.2600e+01
   1.0000e+00   5.0000e+00   9.0000e+00   2.0000e+00   9.1000e+01   1.2950e+02   6.9260e+02   7.0000e+00   2.1600e+01
   6.0000e+00   5.0000e+00   3.0000e+00   7.0000e+00   9.0100e+01   3.7600e+01   8.3700e+01   7.2000e+00   1.2400e+01
   7.0000e+00   4.0000e+00   2.0000e+00   7.0000e+00   8.3900e+01   8.7000e+00   3.2100e+01   2.1000e+00   8.8000e+00
   8.0000e+00   6.0000e+00   1.0000e+01   3.0000e+00   9.1400e+01   3.7900e+01   6.7380e+02   5.2000e+00   2.0200e+01
   5.0000e+00   6.0000e+00   3.0000e+00   6.0000e+00   9.0600e+01   5.0100e+01   1.0040e+02   7.8000e+00   1.5100e+01
   4.0000e+00   5.0000e+00   9.0000e+00   4.0000e+00   9.2900e+01   1.3700e+02   7.0640e+02   9.2000e+00   2.2100e+01
   2.0000e+00   2.0000e+00   8.0000e+00   6.0000e+00   9.3500e+01   1.3940e+02   5.9420e+02   2.0300e+01   2.2900e+01
   7.0000e+00   5.0000e+00   9.0000e+00   2.0000e+00   9.1000e+01   1.2950e+02   6.9260e+02   7.0000e+00   2.0700e+01
   6.0000e+00   5.0000e+00   9.0000e+00   5.0000e+00   9.2400e+01   1.1790e+02   6.6800e+02   1.2200e+01   1.9600e+01
   8.0000e+00   3.0000e+00   9.0000e+00   4.0000e+00   9.3700e+01   8.0900e+01   6.8520e+02   1.7900e+01   2.3200e+01
   4.0000e+00   4.0000e+00   1.0000e+01   6.0000e+00   9.0600e+01   4.3700e+01   6.8690e+02   6.7000e+00   1.8400e+01
   7.0000e+00   4.0000e+00   8.0000e+00   6.0000e+00   9.3500e+01   1.3940e+02   5.9420e+02   2.0300e+01   5.1000e+00
   7.0000e+00   4.0000e+00   9.0000e+00   5.0000e+00   9.4300e+01   8.5100e+01   6.9230e+02   1.5900e+01   2.0100e+01
   7.0000e+00   3.0000e+00   3.0000e+00   1.0000e+00   8.7600e+01   5.2200e+01   1.0380e+02   5.0000e+00   1.1000e+01
   4.0000e+00   4.0000e+00   3.0000e+00   6.0000e+00   9.1700e+01   3.5800e+01   8.0800e+01   7.8000e+00   1.7000e+01
   4.0000e+00   4.0000e+00   3.0000e+00   6.0000e+00   9.1700e+01   3.5800e+01   8.0800e+01   7.8000e+00   1.7000e+01
   4.0000e+00   4.0000e+00   9.0000e+00   7.0000e+00   9.2400e+01   1.2410e+02   6.8070e+02   8.5000e+00   1.6900e+01
   1.0000e+00   3.0000e+00   9.0000e+00   1.0000e+00   8.8600e+01   9.1800e+01   7.0990e+02   7.1000e+00   1.2400e+01
   4.0000e+00   5.0000e+00   9.0000e+00   3.0000e+00   9.2900e+01   1.3330e+02   6.9960e+02   9.2000e+00   1.9400e+01
   6.0000e+00   5.0000e+00   3.0000e+00   1.0000e+00   9.0100e+01   3.9700e+01   8.6600e+01   6.2000e+00   1.5200e+01
   8.0000e+00   6.0000e+00   8.0000e+00   7.0000e+00   9.0200e+01   9.9600e+01   6.3120e+02   6.3000e+00   1.6200e+01
   3.0000e+00   4.0000e+00   9.0000e+00   5.0000e+00   9.3300e+01   1.4120e+02   7.1390e+02   1.3900e+01   1.8600e+01
   4.0000e+00   3.0000e+00   3.0000e+00   1.0000e+00   8.7600e+01   5.2200e+01   1.0380e+02   5.0000e+00   1.1000e+01
   2.0000e+00   2.0000e+00   7.0000e+00   5.0000e+00   8.8300e+01   1.5030e+02   3.0990e+02   6.8000e+00   1.3400e+01
   7.0000e+00   4.0000e+00   9.0000e+00   3.0000e+00   9.0100e+01   8.2900e+01   7.3570e+02   6.2000e+00   1.5400e+01
   4.0000e+00   4.0000e+00   9.0000e+00   7.0000e+00   9.3500e+01   1.4930e+02   7.2860e+02   8.1000e+00   2.2900e+01
   7.0000e+00   5.0000e+00   1.0000e+01   1.0000e+00   9.1700e+01   4.8500e+01   6.9610e+02   1.1100e+01   1.6100e+01
   8.0000e+00   6.0000e+00   8.0000e+00   6.0000e+00   9.2200e+01   8.1800e+01   4.8080e+02   1.1900e+01   2.0100e+01
   4.0000e+00   6.0000e+00   9.0000e+00   7.0000e+00   9.3500e+01   1.4930e+02   7.2860e+02   8.1000e+00   2.8300e+01
   8.0000e+00   6.0000e+00   8.0000e+00   6.0000e+00   9.2200e+01   8.1800e+01   4.8080e+02   1.1900e+01   1.6400e+01
   4.0000e+00   4.0000e+00   9.0000e+00   3.0000e+00   9.2900e+01   1.3330e+02   6.9960e+02   9.2000e+00   2.6400e+01
   1.0000e+00   5.0000e+00   9.0000e+00   7.0000e+00   9.3500e+01   1.4930e+02   7.2860e+02   8.1000e+00   2.7800e+01
   6.0000e+00   4.0000e+00   9.0000e+00   2.0000e+00   9.1000e+01   1.2950e+02   6.9260e+02   7.0000e+00   1.8700e+01
   9.0000e+00   4.0000e+00   9.0000e+00   2.0000e+00   8.4400e+01   7.3400e+01   6.7190e+02   3.2000e+00   2.4300e+01
   4.0000e+00   5.0000e+00   9.0000e+00   6.0000e+00   9.2500e+01   1.2110e+02   6.7440e+02   8.6000e+00   1.7700e+01
   8.0000e+00   6.0000e+00   8.0000e+00   7.0000e+00   9.1400e+01   1.4240e+02   6.0140e+02   1.0600e+01   1.9600e+01
   2.0000e+00   2.0000e+00   9.0000e+00   6.0000e+00   9.2500e+01   1.2110e+02   6.7440e+02   8.6000e+00   1.8200e+01
   1.0000e+00   2.0000e+00   9.0000e+00   2.0000e+00   9.1000e+01   1.2950e+02   6.9260e+02   7.0000e+00   1.8800e+01
   6.0000e+00   5.0000e+00   9.0000e+00   6.0000e+00   9.2500e+01   1.2110e+02   6.7440e+02   8.6000e+00   2.5100e+01
   7.0000e+00   5.0000e+00   4.0000e+00   7.0000e+00   8.1900e+01   3.0000e+00   7.9000e+00   3.5000e+00   1.3400e+01
   6.0000e+00   3.0000e+00   4.0000e+00   3.0000e+00   8.8000e+01   1.7200e+01   4.3500e+01   3.8000e+00   1.5200e+01
   4.0000e+00   4.0000e+00   4.0000e+00   5.0000e+00   8.3000e+01   2.3300e+01   8.5300e+01   2.3000e+00   1.6700e+01
   2.0000e+00   4.0000e+00   8.0000e+00   7.0000e+00   9.4200e+01   1.2230e+02   5.8990e+02   1.2900e+01   1.5400e+01
   7.0000e+00   4.0000e+00   8.0000e+00   7.0000e+00   9.1800e+01   1.7510e+02   7.0070e+02   1.3800e+01   2.1900e+01
   2.0000e+00   4.0000e+00   8.0000e+00   7.0000e+00   9.1800e+01   1.7510e+02   7.0070e+02   1.3800e+01   2.2400e+01
   3.0000e+00   4.0000e+00   8.0000e+00   7.0000e+00   9.1800e+01   1.7510e+02   7.0070e+02   1.3800e+01   2.6800e+01
   5.0000e+00   4.0000e+00   8.0000e+00   7.0000e+00   9.1800e+01   1.7510e+02   7.0070e+02   1.3800e+01   2.5700e+01
   2.0000e+00   4.0000e+00   8.0000e+00   3.0000e+00   9.2200e+01   9.1600e+01   5.0360e+02   9.6000e+00   2.0700e+01
   8.0000e+00   6.0000e+00   8.0000e+00   3.0000e+00   9.3100e+01   1.5730e+02   6.6670e+02   1.3500e+01   2.8700e+01
   3.0000e+00   4.0000e+00   8.0000e+00   3.0000e+00   9.3100e+01   1.5730e+02   6.6670e+02   1.3500e+01   2.1700e+01
   8.0000e+00   5.0000e+00   8.0000e+00   3.0000e+00   9.3100e+01   1.5730e+02   6.6670e+02   1.3500e+01   2.6800e+01
   8.0000e+00   5.0000e+00   8.0000e+00   3.0000e+00   9.3100e+01   1.5730e+02   6.6670e+02   1.3500e+01   2.4000e+01
   6.0000e+00   5.0000e+00   8.0000e+00   3.0000e+00   9.3100e+01   1.5730e+02   6.6670e+02   1.3500e+01   2.2100e+01
   7.0000e+00   4.0000e+00   8.0000e+00   4.0000e+00   9.1900e+01   1.0920e+02   5.6550e+02   8.0000e+00   2.1400e+01
   6.0000e+00   3.0000e+00   8.0000e+00   4.0000e+00   9.1600e+01   1.3810e+02   6.2170e+02   6.3000e+00   1.8900e+01
   2.0000e+00   5.0000e+00   8.0000e+00   4.0000e+00   8.7500e+01   7.7000e+01   6.9480e+02   5.0000e+00   2.2300e+01
   8.0000e+00   6.0000e+00   8.0000e+00   6.0000e+00   9.4200e+01   1.1720e+02   5.8110e+02   1.1000e+01   2.3900e+01
   4.0000e+00   3.0000e+00   8.0000e+00   6.0000e+00   9.4200e+01   1.1720e+02   5.8110e+02   1.1000e+01   2.1400e+01
   3.0000e+00   4.0000e+00   8.0000e+00   6.0000e+00   9.1800e+01   1.7090e+02   6.9230e+02   1.3700e+01   2.0600e+01
   7.0000e+00   4.0000e+00   8.0000e+00   6.0000e+00   9.1800e+01   1.7090e+02   6.9230e+02   1.3700e+01   2.3700e+01
   2.0000e+00   4.0000e+00   8.0000e+00   1.0000e+00   9.3600e+01   9.7900e+01   5.4200e+02   1.4400e+01   2.8300e+01
   3.0000e+00   4.0000e+00   8.0000e+00   5.0000e+00   9.1600e+01   1.1240e+02   5.7300e+02   8.9000e+00   1.1200e+01
   2.0000e+00   4.0000e+00   8.0000e+00   5.0000e+00   9.1600e+01   1.1240e+02   5.7300e+02   8.9000e+00   2.1400e+01
   6.0000e+00   3.0000e+00   8.0000e+00   5.0000e+00   9.1100e+01   1.4110e+02   6.2910e+02   7.1000e+00   1.9300e+01
   4.0000e+00   4.0000e+00   8.0000e+00   5.0000e+00   9.4300e+01   1.6760e+02   6.8440e+02   1.3000e+01   2.1800e+01
   4.0000e+00   4.0000e+00   8.0000e+00   2.0000e+00   9.3700e+01   1.0220e+02   5.5030e+02   1.4600e+01   2.2100e+01
   6.0000e+00   5.0000e+00   8.0000e+00   2.0000e+00   9.4300e+01   1.3170e+02   6.0710e+02   2.2700e+01   1.9400e+01
   2.0000e+00   2.0000e+00   8.0000e+00   2.0000e+00   9.2100e+01   1.5260e+02   6.5820e+02   1.4300e+01   2.3700e+01
   3.0000e+00   4.0000e+00   8.0000e+00   2.0000e+00   9.2100e+01   1.5260e+02   6.5820e+02   1.4300e+01   2.1000e+01
   4.0000e+00   4.0000e+00   8.0000e+00   2.0000e+00   9.2100e+01   1.5260e+02   6.5820e+02   1.4300e+01   1.9100e+01
   2.0000e+00   2.0000e+00   8.0000e+00   2.0000e+00   9.2100e+01   1.5260e+02   6.5820e+02   1.4300e+01   2.1800e+01
   8.0000e+00   6.0000e+00   8.0000e+00   2.0000e+00   9.2100e+01   1.5260e+02   6.5820e+02   1.4300e+01   2.0100e+01
   2.0000e+00   5.0000e+00   8.0000e+00   2.0000e+00   9.2100e+01   1.5260e+02   6.5820e+02   1.4300e+01   2.0200e+01
   4.0000e+00   6.0000e+00   1.2000e+01   7.0000e+00   8.4400e+01   2.7200e+01   3.5350e+02   6.8000e+00   4.8000e+00
   8.0000e+00   6.0000e+00   1.2000e+01   3.0000e+00   8.4000e+01   2.7800e+01   3.5460e+02   5.3000e+00   5.1000e+00
   4.0000e+00   6.0000e+00   1.2000e+01   4.0000e+00   8.4600e+01   2.6400e+01   3.5200e+02   2.0000e+00   5.1000e+00
   4.0000e+00   4.0000e+00   1.2000e+01   1.0000e+00   8.5400e+01   2.5400e+01   3.4970e+02   2.6000e+00   4.6000e+00
   3.0000e+00   4.0000e+00   1.2000e+01   1.0000e+00   8.5400e+01   2.5400e+01   3.4970e+02   2.6000e+00   4.6000e+00
   4.0000e+00   4.0000e+00   1.2000e+01   1.0000e+00   8.5400e+01   2.5400e+01   3.4970e+02   2.6000e+00   4.6000e+00
   4.0000e+00   4.0000e+00   1.2000e+01   1.0000e+00   8.5400e+01   2.5400e+01   3.4970e+02   2.6000e+00   4.6000e+00
   4.0000e+00   6.0000e+00   1.2000e+01   5.0000e+00   8.4700e+01   2.6700e+01   3.5260e+02   4.1000e+00   2.2000e+00
   6.0000e+00   5.0000e+00   1.2000e+01   2.0000e+00   8.5400e+01   2.5400e+01   3.4970e+02   2.6000e+00   5.1000e+00
   6.0000e+00   3.0000e+00   2.0000e+00   7.0000e+00   8.4900e+01   2.7500e+01   3.5350e+02   3.4000e+00   4.2000e+00
   3.0000e+00   4.0000e+00   2.0000e+00   3.0000e+00   8.6900e+01   6.6000e+00   1.8700e+01   3.2000e+00   8.8000e+00
   5.0000e+00   4.0000e+00   2.0000e+00   5.0000e+00   8.5200e+01   4.9000e+00   1.5800e+01   6.3000e+00   7.5000e+00
   2.0000e+00   5.0000e+00   7.0000e+00   7.0000e+00   9.3900e+01   1.6970e+02   4.1180e+02   1.2300e+01   2.3400e+01
   7.0000e+00   6.0000e+00   7.0000e+00   3.0000e+00   9.1200e+01   1.8310e+02   4.3770e+02   1.2500e+01   1.2600e+01
   7.0000e+00   4.0000e+00   7.0000e+00   6.0000e+00   9.1600e+01   1.0420e+02   4.7490e+02   9.0000e+00   2.2100e+01
   7.0000e+00   4.0000e+00   7.0000e+00   6.0000e+00   9.1600e+01   1.0420e+02   4.7490e+02   9.0000e+00   2.4200e+01
   7.0000e+00   4.0000e+00   7.0000e+00   6.0000e+00   9.1600e+01   1.0420e+02   4.7490e+02   9.0000e+00   2.4300e+01
   2.0000e+00   5.0000e+00   7.0000e+00   6.0000e+00   9.1600e+01   1.0420e+02   4.7490e+02   9.0000e+00   1.8700e+01
   9.0000e+00   4.0000e+00   7.0000e+00   6.0000e+00   9.1600e+01   1.0420e+02   4.7490e+02   9.0000e+00   2.5300e+01
   4.0000e+00   5.0000e+00   7.0000e+00   5.0000e+00   9.1600e+01   1.0020e+02   4.6630e+02   6.3000e+00   2.2900e+01
   7.0000e+00   6.0000e+00   7.0000e+00   2.0000e+00   9.3100e+01   1.8040e+02   4.3080e+02   1.1000e+01   2.6900e+01
   8.0000e+00   6.0000e+00   7.0000e+00   2.0000e+00   9.2300e+01   8.8800e+01   4.4090e+02   8.5000e+00   1.7100e+01
   7.0000e+00   5.0000e+00   6.0000e+00   7.0000e+00   9.3100e+01   1.8040e+02   4.3080e+02   1.1000e+01   2.2200e+01
   6.0000e+00   4.0000e+00   6.0000e+00   7.0000e+00   9.0400e+01   8.9500e+01   2.9080e+02   6.4000e+00   1.4300e+01
   8.0000e+00   6.0000e+00   6.0000e+00   7.0000e+00   9.0400e+01   8.9500e+01   2.9080e+02   6.4000e+00   1.5400e+01
   8.0000e+00   6.0000e+00   6.0000e+00   3.0000e+00   9.1200e+01   1.4780e+02   3.7720e+02   1.2700e+01   1.9600e+01
   6.0000e+00   5.0000e+00   6.0000e+00   6.0000e+00   5.3400e+01   7.1000e+01   2.3380e+02   4.0000e-01   1.0600e+01
   6.0000e+00   5.0000e+00   6.0000e+00   1.0000e+00   9.0400e+01   9.3300e+01   2.9810e+02   7.5000e+00   2.0700e+01
   6.0000e+00   5.0000e+00   6.0000e+00   1.0000e+00   9.0400e+01   9.3300e+01   2.9810e+02   7.5000e+00   1.9100e+01
   3.0000e+00   6.0000e+00   6.0000e+00   5.0000e+00   9.1100e+01   9.4100e+01   2.3210e+02   7.1000e+00   1.9200e+01
   3.0000e+00   6.0000e+00   6.0000e+00   5.0000e+00   9.1100e+01   9.4100e+01   2.3210e+02   7.1000e+00   1.9200e+01
   6.0000e+00   5.0000e+00   5.0000e+00   6.0000e+00   8.5100e+01   2.8000e+01   1.1380e+02   3.5000e+00   1.1300e+01
   1.0000e+00   4.0000e+00   9.0000e+00   7.0000e+00   8.9600e+01   8.4100e+01   7.1430e+02   5.7000e+00   1.9000e+01
   7.0000e+00   4.0000e+00   9.0000e+00   7.0000e+00   8.9600e+01   8.4100e+01   7.1430e+02   5.7000e+00   1.7100e+01
   3.0000e+00   4.0000e+00   9.0000e+00   7.0000e+00   8.9600e+01   8.4100e+01   7.1430e+02   5.7000e+00   2.3800e+01
   2.0000e+00   4.0000e+00   9.0000e+00   7.0000e+00   9.2400e+01   1.0580e+02   7.5810e+02   9.9000e+00   1.6000e+01
   2.0000e+00   4.0000e+00   9.0000e+00   7.0000e+00   9.2400e+01   1.0580e+02   7.5810e+02   9.9000e+00   2.4900e+01
   7.0000e+00   4.0000e+00   9.0000e+00   7.0000e+00   9.2400e+01   1.0580e+02   7.5810e+02   9.9000e+00   2.5300e+01
   6.0000e+00   3.0000e+00   9.0000e+00   7.0000e+00   9.2400e+01   1.0580e+02   7.5810e+02   9.9000e+00   2.4800e+01
   2.0000e+00   4.0000e+00   9.0000e+00   7.0000e+00   5.0400e+01   4.6200e+01   7.0660e+02   4.0000e-01   1.2200e+01
   6.0000e+00   5.0000e+00   9.0000e+00   3.0000e+00   9.2600e+01   1.1540e+02   7.7710e+02   8.8000e+00   2.4300e+01
   4.0000e+00   4.0000e+00   9.0000e+00   3.0000e+00   9.2600e+01   1.1540e+02   7.7710e+02   8.8000e+00   1.9700e+01
   3.0000e+00   4.0000e+00   9.0000e+00   3.0000e+00   9.1200e+01   1.3470e+02   8.1750e+02   7.2000e+00   1.8500e+01
   4.0000e+00   5.0000e+00   9.0000e+00   4.0000e+00   9.2400e+01   9.6200e+01   7.3940e+02   8.6000e+00   1.8600e+01
   4.0000e+00   4.0000e+00   9.0000e+00   4.0000e+00   9.2400e+01   9.6200e+01   7.3940e+02   8.6000e+00   1.9200e+01
   6.0000e+00   5.0000e+00   9.0000e+00   4.0000e+00   9.2800e+01   1.1900e+02   7.8350e+02   7.5000e+00   2.1600e+01
   5.0000e+00   4.0000e+00   9.0000e+00   4.0000e+00   9.2800e+01   1.1900e+02   7.8350e+02   7.5000e+00   2.1600e+01
   6.0000e+00   3.0000e+00   9.0000e+00   4.0000e+00   9.2800e+01   1.1900e+02   7.8350e+02   7.5000e+00   1.8900e+01
   1.0000e+00   4.0000e+00   9.0000e+00   4.0000e+00   9.2800e+01   1.1900e+02   7.8350e+02   7.5000e+00   1.6800e+01
   6.0000e+00   5.0000e+00   9.0000e+00   4.0000e+00   9.2800e+01   1.1900e+02   7.8350e+02   7.5000e+00   1.6800e+01
   3.0000e+00   5.0000e+00   9.0000e+00   4.0000e+00   9.0700e+01   1.3690e+02   8.2280e+02   6.8000e+00   1.2900e+01
   6.0000e+00   5.0000e+00   9.0000e+00   4.0000e+00   8.8100e+01   5.3300e+01   7.2690e+02   5.4000e+00   1.3700e+01
   1.0000e+00   4.0000e+00   9.0000e+00   6.0000e+00   9.2200e+01   1.0230e+02   7.5150e+02   8.4000e+00   2.4200e+01
   5.0000e+00   4.0000e+00   9.0000e+00   6.0000e+00   9.2200e+01   1.0230e+02   7.5150e+02   8.4000e+00   2.4100e+01
   6.0000e+00   5.0000e+00   9.0000e+00   6.0000e+00   9.2200e+01   1.0230e+02   7.5150e+02   8.4000e+00   2.1200e+01
   6.0000e+00   5.0000e+00   9.0000e+00   6.0000e+00   9.2200e+01   1.0230e+02   7.5150e+02   8.4000e+00   1.9700e+01
   4.0000e+00   3.0000e+00   9.0000e+00   6.0000e+00   9.2200e+01   1.0230e+02   7.5150e+02   8.4000e+00   2.3500e+01
   3.0000e+00   3.0000e+00   9.0000e+00   6.0000e+00   9.2200e+01   1.0230e+02   7.5150e+02   8.4000e+00   2.4200e+01
   7.0000e+00   4.0000e+00   9.0000e+00   6.0000e+00   9.1200e+01   1.2440e+02   7.9530e+02   8.5000e+00   2.1500e+01
   4.0000e+00   4.0000e+00   9.0000e+00   6.0000e+00   9.1200e+01   1.2440e+02   7.9530e+02   8.5000e+00   1.7100e+01
   1.0000e+00   4.0000e+00   9.0000e+00   1.0000e+00   9.2100e+01   8.7700e+01   7.2110e+02   9.5000e+00   1.8100e+01
   2.0000e+00   3.0000e+00   9.0000e+00   1.0000e+00   9.1600e+01   1.0840e+02   7.6400e+02   6.2000e+00   1.8000e+01
   4.0000e+00   3.0000e+00   9.0000e+00   1.0000e+00   9.1600e+01   1.0840e+02   7.6400e+02   6.2000e+00   9.8000e+00
   7.0000e+00   4.0000e+00   9.0000e+00   1.0000e+00   9.1600e+01   1.0840e+02   7.6400e+02   6.2000e+00   1.9300e+01
   6.0000e+00   3.0000e+00   9.0000e+00   1.0000e+00   9.1600e+01   1.0840e+02   7.6400e+02   6.2000e+00   2.3000e+01
   8.0000e+00   6.0000e+00   9.0000e+00   1.0000e+00   9.1600e+01   1.0840e+02   7.6400e+02   6.2000e+00   2.2700e+01
   2.0000e+00   4.0000e+00   9.0000e+00   1.0000e+00   9.1600e+01   1.0840e+02   7.6400e+02   6.2000e+00   2.0400e+01
   2.0000e+00   5.0000e+00   9.0000e+00   1.0000e+00   9.1600e+01   1.0840e+02   7.6400e+02   6.2000e+00   1.9300e+01
   8.0000e+00   6.0000e+00   9.0000e+00   1.0000e+00   9.1900e+01   1.1170e+02   7.7030e+02   6.5000e+00   1.5700e+01
   6.0000e+00   3.0000e+00   9.0000e+00   1.0000e+00   9.1500e+01   1.3010e+02   8.0710e+02   7.5000e+00   2.0600e+01
   8.0000e+00   6.0000e+00   9.0000e+00   1.0000e+00   9.1500e+01   1.3010e+02   8.0710e+02   7.5000e+00   1.5900e+01
   6.0000e+00   3.0000e+00   9.0000e+00   1.0000e+00   9.1500e+01   1.3010e+02   8.0710e+02   7.5000e+00   1.2200e+01
   2.0000e+00   2.0000e+00   9.0000e+00   1.0000e+00   9.1500e+01   1.3010e+02   8.0710e+02   7.5000e+00   1.6800e+01
   1.0000e+00   4.0000e+00   9.0000e+00   1.0000e+00   9.1500e+01   1.3010e+02   8.0710e+02   7.5000e+00   2.1300e+01
   5.0000e+00   4.0000e+00   9.0000e+00   5.0000e+00   9.2100e+01   9.9000e+01   7.4530e+02   9.6000e+00   1.0100e+01
   3.0000e+00   4.0000e+00   9.0000e+00   5.0000e+00   9.2100e+01   9.9000e+01   7.4530e+02   9.6000e+00   1.7400e+01
   5.0000e+00   4.0000e+00   9.0000e+00   5.0000e+00   9.2100e+01   9.9000e+01   7.4530e+02   9.6000e+00   1.2800e+01
   5.0000e+00   4.0000e+00   9.0000e+00   5.0000e+00   9.2100e+01   9.9000e+01   7.4530e+02   9.6000e+00   1.0100e+01
   4.0000e+00   4.0000e+00   9.0000e+00   5.0000e+00   9.2100e+01   9.9000e+01   7.4530e+02   9.6000e+00   1.5400e+01
   7.0000e+00   4.0000e+00   9.0000e+00   5.0000e+00   9.2100e+01   9.9000e+01   7.4530e+02   9.6000e+00   2.0600e+01
   7.0000e+00   4.0000e+00   9.0000e+00   5.0000e+00   9.2100e+01   9.9000e+01   7.4530e+02   9.6000e+00   1.9800e+01
   7.0000e+00   4.0000e+00   9.0000e+00   5.0000e+00   9.2100e+01   9.9000e+01   7.4530e+02   9.6000e+00   1.8700e+01
   4.0000e+00   4.0000e+00   9.0000e+00   5.0000e+00   9.2100e+01   9.9000e+01   7.4530e+02   9.6000e+00   2.0800e+01
   4.0000e+00   4.0000e+00   9.0000e+00   5.0000e+00   9.2100e+01   9.9000e+01   7.4530e+02   9.6000e+00   2.0800e+01
   6.0000e+00   3.0000e+00   9.0000e+00   5.0000e+00   9.2500e+01   1.2200e+02   7.8970e+02   1.0200e+01   1.5900e+01
   6.0000e+00   3.0000e+00   9.0000e+00   5.0000e+00   9.2500e+01   1.2200e+02   7.8970e+02   1.0200e+01   1.9700e+01
   1.0000e+00   4.0000e+00   9.0000e+00   5.0000e+00   9.2500e+01   1.2200e+02   7.8970e+02   1.0200e+01   2.1100e+01
   6.0000e+00   5.0000e+00   9.0000e+00   5.0000e+00   9.2500e+01   1.2200e+02   7.8970e+02   1.0200e+01   1.8400e+01
   4.0000e+00   3.0000e+00   9.0000e+00   5.0000e+00   9.2500e+01   1.2200e+02   7.8970e+02   1.0200e+01   1.7300e+01
   7.0000e+00   4.0000e+00   9.0000e+00   5.0000e+00   8.8200e+01   5.5200e+01   7.3230e+02   1.1600e+01   1.5200e+01
   4.0000e+00   3.0000e+00   9.0000e+00   2.0000e+00   9.1900e+01   1.1170e+02   7.7030e+02   6.5000e+00   1.5900e+01
   6.0000e+00   5.0000e+00   9.0000e+00   2.0000e+00   9.1900e+01   1.1170e+02   7.7030e+02   6.5000e+00   2.1100e+01
   6.0000e+00   5.0000e+00   9.0000e+00   2.0000e+00   9.1900e+01   1.1170e+02   7.7030e+02   6.5000e+00   1.9600e+01
   4.0000e+00   5.0000e+00   9.0000e+00   2.0000e+00   9.1100e+01   1.3230e+02   8.1210e+02   1.2500e+01   1.5900e+01
   4.0000e+00   5.0000e+00   9.0000e+00   2.0000e+00   9.1100e+01   1.3230e+02   8.1210e+02   1.2500e+01   1.6400e+01
   6.0000e+00   5.0000e+00   9.0000e+00   6.0000e+00   9.1200e+01   9.4300e+01   7.4440e+02   8.4000e+00   1.6800e+01
   4.0000e+00   5.0000e+00   9.0000e+00   7.0000e+00   9.1000e+01   2.7630e+02   8.2510e+02   7.1000e+00   1.3800e+01
   7.0000e+00   4.0000e+00   9.0000e+00   7.0000e+00   9.1000e+01   2.7630e+02   8.2510e+02   7.1000e+00   1.3800e+01
   3.0000e+00   4.0000e+00   7.0000e+00   3.0000e+00   9.1900e+01   1.3360e+02   5.2050e+02   8.0000e+00   1.4200e+01
   4.0000e+00   5.0000e+00   8.0000e+00   7.0000e+00   9.2000e+01   2.0320e+02   6.6450e+02   8.1000e+00   1.0400e+01
   5.0000e+00   4.0000e+00   8.0000e+00   4.0000e+00   9.4800e+01   2.2240e+02   6.9860e+02   1.3900e+01   2.0300e+01
   6.0000e+00   5.0000e+00   9.0000e+00   5.0000e+00   9.0300e+01   2.9000e+02   8.5530e+02   7.4000e+00   1.0300e+01
   6.0000e+00   5.0000e+00   9.0000e+00   6.0000e+00   9.1200e+01   9.4300e+01   7.4440e+02   8.4000e+00   1.5400e+01
   8.0000e+00   6.0000e+00   8.0000e+00   1.0000e+00   9.2100e+01   2.0700e+02   6.7260e+02   8.2000e+00   2.1100e+01
   2.0000e+00   2.0000e+00   8.0000e+00   6.0000e+00   9.3700e+01   2.3110e+02   7.1510e+02   8.4000e+00   2.1900e+01
   6.0000e+00   5.0000e+00   3.0000e+00   4.0000e+00   9.0900e+01   1.8900e+01   3.0600e+01   8.0000e+00   8.7000e+00
   4.0000e+00   5.0000e+00   1.0000e+00   7.0000e+00   1.8700e+01   1.1000e+00   1.7140e+02   0.0000e+00   5.2000e+00
   5.0000e+00   4.0000e+00   7.0000e+00   3.0000e+00   9.3700e+01   1.0130e+02   4.5880e+02   1.1900e+01   1.9300e+01
   8.0000e+00   6.0000e+00   8.0000e+00   4.0000e+00   9.0700e+01   1.9410e+02   6.4300e+02   6.8000e+00   1.6200e+01
   8.0000e+00   6.0000e+00   8.0000e+00   3.0000e+00   9.5200e+01   2.1770e+02   6.9000e+02   1.8000e+01   2.8200e+01
   9.0000e+00   6.0000e+00   8.0000e+00   4.0000e+00   9.1600e+01   2.4840e+02   7.5380e+02   6.3000e+00   2.0500e+01
   8.0000e+00   4.0000e+00   8.0000e+00   6.0000e+00   9.1600e+01   2.7380e+02   8.1910e+02   7.7000e+00   2.1300e+01
   2.0000e+00   4.0000e+00   8.0000e+00   7.0000e+00   9.1600e+01   1.8130e+02   6.1300e+02   7.6000e+00   2.0900e+01
   3.0000e+00   4.0000e+00   9.0000e+00   7.0000e+00   9.0500e+01   9.6700e+01   7.5050e+02   1.1400e+01   2.0600e+01
   5.0000e+00   5.0000e+00   3.0000e+00   4.0000e+00   9.0900e+01   1.8900e+01   3.0600e+01   8.0000e+00   1.1600e+01
   6.0000e+00   4.0000e+00   8.0000e+00   5.0000e+00   9.4800e+01   2.2700e+02   7.0670e+02   1.2000e+01   2.3300e+01
   7.0000e+00   4.0000e+00   8.0000e+00   5.0000e+00   9.4800e+01   2.2700e+02   7.0670e+02   1.2000e+01   2.3300e+01
   7.0000e+00   4.0000e+00   2.0000e+00   1.0000e+00   8.4700e+01   9.5000e+00   5.8300e+01   4.1000e+00   7.5000e+00
   8.0000e+00   6.0000e+00   9.0000e+00   5.0000e+00   9.1100e+01   9.1300e+01   7.3810e+02   7.2000e+00   2.0700e+01
   1.0000e+00   3.0000e+00   9.0000e+00   7.0000e+00   9.1000e+01   2.7630e+02   8.2510e+02   7.1000e+00   2.1900e+01
   2.0000e+00   4.0000e+00   3.0000e+00   2.0000e+00   9.3400e+01   1.5000e+01   2.5600e+01   1.1400e+01   1.5200e+01
   6.0000e+00   5.0000e+00   2.0000e+00   1.0000e+00   8.4100e+01   4.6000e+00   4.6700e+01   2.2000e+00   5.3000e+00
   4.0000e+00   5.0000e+00   2.0000e+00   7.0000e+00   8.5000e+01   9.0000e+00   5.6900e+01   3.5000e+00   1.0100e+01
   4.0000e+00   3.0000e+00   9.0000e+00   7.0000e+00   9.0500e+01   9.6700e+01   7.5050e+02   1.1400e+01   2.0400e+01
   5.0000e+00   6.0000e+00   8.0000e+00   7.0000e+00   9.1600e+01   1.8130e+02   6.1300e+02   7.6000e+00   2.4300e+01
   1.0000e+00   2.0000e+00   8.0000e+00   6.0000e+00   9.3700e+01   2.3110e+02   7.1510e+02   8.4000e+00   2.5900e+01
   9.0000e+00   5.0000e+00   6.0000e+00   3.0000e+00   9.3300e+01   4.9500e+01   2.9770e+02   1.4000e+01   2.8000e+01
   9.0000e+00   5.0000e+00   6.0000e+00   3.0000e+00   9.3300e+01   4.9500e+01   2.9770e+02   1.4000e+01   2.8000e+01
   3.0000e+00   4.0000e+00   9.0000e+00   4.0000e+00   9.1100e+01   8.8200e+01   7.3170e+02   8.3000e+00   2.2800e+01
   9.0000e+00   9.0000e+00   8.0000e+00   5.0000e+00   9.4800e+01   2.2700e+02   7.0670e+02   1.2000e+01   2.5000e+01
   8.0000e+00   6.0000e+00   8.0000e+00   4.0000e+00   9.0700e+01   1.9410e+02   6.4300e+02   6.8000e+00   2.1300e+01
   2.0000e+00   4.0000e+00   9.0000e+00   3.0000e+00   8.7900e+01   8.4800e+01   7.2510e+02   3.7000e+00   2.1800e+01
   2.0000e+00   2.0000e+00   8.0000e+00   2.0000e+00   9.4600e+01   2.1210e+02   6.8090e+02   9.5000e+00   2.7900e+01
   6.0000e+00   5.0000e+00   9.0000e+00   6.0000e+00   8.7100e+01   2.9130e+02   8.6060e+02   4.0000e+00   1.7000e+01
   4.0000e+00   5.0000e+00   2.0000e+00   6.0000e+00   8.4700e+01   8.2000e+00   5.5000e+01   2.9000e+00   1.4200e+01
   4.0000e+00   3.0000e+00   9.0000e+00   5.0000e+00   9.0300e+01   2.9000e+02   8.5530e+02   7.4000e+00   1.9900e+01
   1.0000e+00   4.0000e+00   7.0000e+00   2.0000e+00   9.2300e+01   9.6200e+01   4.5020e+02   1.2100e+01   2.3400e+01
   6.0000e+00   3.0000e+00   2.0000e+00   5.0000e+00   8.4100e+01   7.3000e+00   5.2800e+01   2.7000e+00   1.4700e+01
   7.0000e+00   4.0000e+00   2.0000e+00   5.0000e+00   8.4600e+01   3.2000e+00   4.3600e+01   3.3000e+00   8.2000e+00
   9.0000e+00   4.0000e+00   7.0000e+00   1.0000e+00   9.2300e+01   9.2100e+01   4.4210e+02   9.8000e+00   2.2800e+01
   7.0000e+00   5.0000e+00   8.0000e+00   6.0000e+00   9.3700e+01   2.3110e+02   7.1510e+02   8.4000e+00   2.6400e+01
   5.0000e+00   4.0000e+00   8.0000e+00   7.0000e+00   9.3600e+01   2.3510e+02   7.2310e+02   1.0100e+01   2.4100e+01
   8.0000e+00   6.0000e+00   8.0000e+00   4.0000e+00   9.4800e+01   2.2240e+02   6.9860e+02   1.3900e+01   2.7500e+01
   6.0000e+00   3.0000e+00   7.0000e+00   2.0000e+00   9.2700e+01   1.6410e+02   5.7580e+02   8.9000e+00   2.6300e+01
   6.0000e+00   5.0000e+00   3.0000e+00   3.0000e+00   9.3400e+01   1.7300e+01   2.8300e+01   9.9000e+00   1.3800e+01
   2.0000e+00   4.0000e+00   8.0000e+00   7.0000e+00   9.2000e+01   2.0320e+02   6.6450e+02   8.1000e+00   2.4900e+01
   2.0000e+00   5.0000e+00   8.0000e+00   7.0000e+00   9.1600e+01   1.8130e+02   6.1300e+02   7.6000e+00   2.4800e+01
   8.0000e+00   8.0000e+00   8.0000e+00   3.0000e+00   9.1700e+01   1.9140e+02   6.3590e+02   7.8000e+00   2.6200e+01
   2.0000e+00   4.0000e+00   8.0000e+00   3.0000e+00   9.5200e+01   2.1770e+02   6.9000e+02   1.8000e+01   3.0800e+01
   8.0000e+00   6.0000e+00   7.0000e+00   7.0000e+00   8.8900e+01   2.6310e+02   7.9590e+02   5.2000e+00   2.9300e+01
   1.0000e+00   3.0000e+00   9.0000e+00   6.0000e+00   9.1200e+01   9.4300e+01   7.4440e+02   8.4000e+00   2.2300e+01
   8.0000e+00   6.0000e+00   8.0000e+00   6.0000e+00   9.3700e+01   2.3110e+02   7.1510e+02   8.4000e+00   2.6900e+01
   2.0000e+00   2.0000e+00   8.0000e+00   4.0000e+00   9.1600e+01   2.4840e+02   7.5380e+02   6.3000e+00   2.0400e+01
   8.0000e+00   6.0000e+00   8.0000e+00   4.0000e+00   9.1600e+01   2.4840e+02   7.5380e+02   6.3000e+00   2.0400e+01
   2.0000e+00   4.0000e+00   8.0000e+00   1.0000e+00   9.2100e+01   2.0700e+02   6.7260e+02   8.2000e+00   2.7900e+01
   1.0000e+00   3.0000e+00   8.0000e+00   4.0000e+00   9.4800e+01   2.2240e+02   6.9860e+02   1.3900e+01   2.6200e+01
   3.0000e+00   4.0000e+00   8.0000e+00   7.0000e+00   9.1600e+01   1.8130e+02   6.1300e+02   7.6000e+00   2.4600e+01
   7.0000e+00   4.0000e+00   9.0000e+00   4.0000e+00   8.9700e+01   2.8720e+02   8.4930e+02   6.8000e+00   1.9400e+01
   1.0000e+00   3.0000e+00   8.0000e+00   6.0000e+00   9.2100e+01   1.7800e+02   6.0530e+02   9.6000e+00   2.3300e+01
   8.0000e+00   6.0000e+00   8.0000e+00   4.0000e+00   9.4800e+01   2.2240e+02   6.9860e+02   1.3900e+01   2.3900e+01
   2.0000e+00   4.0000e+00   8.0000e+00   7.0000e+00   9.3600e+01   2.3510e+02   7.2310e+02   1.0100e+01   2.0900e+01
   1.0000e+00   4.0000e+00   8.0000e+00   5.0000e+00   9.0600e+01   2.6980e+02   8.1120e+02   5.5000e+00   2.2200e+01
   2.0000e+00   5.0000e+00   7.0000e+00   6.0000e+00   9.0800e+01   8.4700e+01   3.7660e+02   5.6000e+00   2.3800e+01
   8.0000e+00   6.0000e+00   8.0000e+00   1.0000e+00   9.2100e+01   2.0700e+02   6.7260e+02   8.2000e+00   2.6800e+01
   8.0000e+00   6.0000e+00   8.0000e+00   6.0000e+00   8.9400e+01   2.5360e+02   7.6840e+02   9.7000e+00   1.4200e+01
   2.0000e+00   5.0000e+00   8.0000e+00   6.0000e+00   9.3700e+01   2.3110e+02   7.1510e+02   8.4000e+00   2.3600e+01
   1.0000e+00   3.0000e+00   9.0000e+00   5.0000e+00   9.1100e+01   9.1300e+01   7.3810e+02   7.2000e+00   1.9100e+01
   5.0000e+00   4.0000e+00   9.0000e+00   5.0000e+00   9.0300e+01   2.9000e+02   8.5530e+02   7.4000e+00   1.6200e+01
   8.0000e+00   6.0000e+00   8.0000e+00   1.0000e+00   9.2100e+01   2.0700e+02   6.7260e+02   8.2000e+00   2.5500e+01
   6.0000e+00   5.0000e+00   4.0000e+00   1.0000e+00   8.7900e+01   2.4900e+01   4.1600e+01   3.7000e+00   1.0900e+01
   1.0000e+00   2.0000e+00   7.0000e+00   5.0000e+00   9.0700e+01   8.0900e+01   3.6830e+02   1.6800e+01   1.4800e+01
   2.0000e+00   5.0000e+00   9.0000e+00   5.0000e+00   9.0300e+01   2.9000e+02   8.5530e+02   7.4000e+00   1.6200e+01
   5.0000e+00   5.0000e+00   8.0000e+00   7.0000e+00   9.4000e+01   4.7900e+01   1.0070e+02   1.0700e+01   1.7300e+01
   6.0000e+00   5.0000e+00   8.0000e+00   7.0000e+00   9.2000e+01   2.0320e+02   6.6450e+02   8.1000e+00   1.9100e+01
   3.0000e+00   4.0000e+00   3.0000e+00   3.0000e+00   9.3400e+01   1.7300e+01   2.8300e+01   9.9000e+00   8.9000e+00
   7.0000e+00   4.0000e+00   9.0000e+00   3.0000e+00   8.9700e+01   2.8490e+02   8.4400e+02   1.0100e+01   1.0500e+01
   7.0000e+00   4.0000e+00   8.0000e+00   7.0000e+00   9.1600e+01   1.8130e+02   6.1300e+02   7.6000e+00   1.9300e+01
   4.0000e+00   5.0000e+00   8.0000e+00   3.0000e+00   9.5200e+01   2.1770e+02   6.9000e+02   1.8000e+01   2.3400e+01
   1.0000e+00   4.0000e+00   8.0000e+00   5.0000e+00   9.0500e+01   1.9680e+02   6.4990e+02   1.6300e+01   1.1800e+01
   7.0000e+00   4.0000e+00   8.0000e+00   1.0000e+00   9.1500e+01   2.3820e+02   7.3060e+02   7.5000e+00   1.7700e+01
   4.0000e+00   5.0000e+00   8.0000e+00   4.0000e+00   8.9400e+01   2.6620e+02   8.0330e+02   5.6000e+00   1.7400e+01
   3.0000e+00   4.0000e+00   8.0000e+00   4.0000e+00   9.1600e+01   2.4840e+02   7.5380e+02   6.3000e+00   1.6800e+01
   3.0000e+00   4.0000e+00   7.0000e+00   1.0000e+00   9.4600e+01   1.6000e+02   5.6720e+02   1.6700e+01   1.7900e+01
   2.0000e+00   4.0000e+00   8.0000e+00   4.0000e+00   9.1600e+01   2.4840e+02   7.5380e+02   6.3000e+00   1.6600e+01
   1.0000e+00   4.0000e+00   8.0000e+00   3.0000e+00   9.1700e+01   1.9140e+02   6.3590e+02   7.8000e+00   1.9900e+01
   8.0000e+00   6.0000e+00   8.0000e+00   6.0000e+00   9.3700e+01   2.3110e+02   7.1510e+02   8.4000e+00   1.8900e+01
   7.0000e+00   4.0000e+00   8.0000e+00   6.0000e+00   9.1600e+01   2.7380e+02   8.1910e+02   7.7000e+00   1.5500e+01
   2.0000e+00   5.0000e+00   8.0000e+00   6.0000e+00   9.3700e+01   2.3110e+02   7.1510e+02   8.4000e+00   1.8900e+01
   8.0000e+00   6.0000e+00   8.0000e+00   6.0000e+00   9.3700e+01   2.3110e+02   7.1510e+02   8.4000e+00   1.8900e+01
   1.0000e+00   4.0000e+00   9.0000e+00   7.0000e+00   9.1000e+01   2.7630e+02   8.2510e+02   7.1000e+00   1.4500e+01
   6.0000e+00   5.0000e+00   2.0000e+00   2.0000e+00   7.5100e+01   4.4000e+00   1.6200e+01   1.9000e+00   4.6000e+00
   6.0000e+00   4.0000e+00   2.0000e+00   2.0000e+00   7.5100e+01   4.4000e+00   1.6200e+01   1.9000e+00   5.1000e+00
   2.0000e+00   2.0000e+00   2.0000e+00   6.0000e+00   7.9500e+01   3.6000e+00   1.5300e+01   1.8000e+00   4.6000e+00
   6.0000e+00   5.0000e+00   3.0000e+00   1.0000e+00   8.7200e+01   1.5100e+01   3.6900e+01   7.1000e+00   1.0200e+01
   3.0000e+00   4.0000e+00   3.0000e+00   3.0000e+00   9.0200e+01   1.8500e+01   4.1100e+01   7.3000e+00   1.1200e+01
   6.0000e+00   5.0000e+00   3.0000e+00   4.0000e+00   9.1300e+01   2.0600e+01   4.3500e+01   8.5000e+00   1.3300e+01
   6.0000e+00   3.0000e+00   4.0000e+00   7.0000e+00   9.1000e+01   1.4600e+01   2.5600e+01   1.2300e+01   1.3700e+01
   5.0000e+00   4.0000e+00   4.0000e+00   7.0000e+00   9.1000e+01   1.4600e+01   2.5600e+01   1.2300e+01   1.7600e+01
   4.0000e+00   3.0000e+00   5.0000e+00   5.0000e+00   8.9600e+01   2.5400e+01   7.3700e+01   5.7000e+00   1.8000e+01
   8.0000e+00   3.0000e+00   6.0000e+00   1.0000e+00   8.8200e+01   9.6200e+01   2.2900e+02   4.7000e+00   1.4300e+01
   9.0000e+00   4.0000e+00   6.0000e+00   6.0000e+00   9.0500e+01   6.1100e+01   2.5260e+02   9.4000e+00   2.4500e+01
   4.0000e+00   3.0000e+00   6.0000e+00   4.0000e+00   9.3000e+01   1.0380e+02   3.1670e+02   1.0800e+01   2.6400e+01
   2.0000e+00   5.0000e+00   6.0000e+00   4.0000e+00   9.3700e+01   1.2170e+02   3.5020e+02   1.8000e+01   2.2700e+01
   4.0000e+00   3.0000e+00   7.0000e+00   4.0000e+00   9.3500e+01   8.5300e+01   3.9500e+02   9.9000e+00   2.7200e+01
   4.0000e+00   3.0000e+00   7.0000e+00   7.0000e+00   9.3700e+01   1.0130e+02   4.2340e+02   1.4700e+01   2.6100e+01
   7.0000e+00   4.0000e+00   7.0000e+00   7.0000e+00   9.3700e+01   1.0130e+02   4.2340e+02   1.4700e+01   1.8200e+01
   7.0000e+00   4.0000e+00   7.0000e+00   1.0000e+00   8.9200e+01   1.0390e+02   4.3160e+02   6.4000e+00   2.2600e+01
   9.0000e+00   9.0000e+00   7.0000e+00   4.0000e+00   9.3200e+01   1.1440e+02   5.6000e+02   9.5000e+00   3.0200e+01
   4.0000e+00   3.0000e+00   7.0000e+00   4.0000e+00   9.3200e+01   1.1440e+02   5.6000e+02   9.5000e+00   3.0200e+01
   3.0000e+00   4.0000e+00   8.0000e+00   7.0000e+00   9.4900e+01   1.3030e+02   5.8710e+02   1.4100e+01   2.3400e+01
   8.0000e+00   6.0000e+00   8.0000e+00   7.0000e+00   9.4900e+01   1.3030e+02   5.8710e+02   1.4100e+01   3.1000e+01
   2.0000e+00   5.0000e+00   8.0000e+00   7.0000e+00   9.4900e+01   1.3030e+02   5.8710e+02   1.4100e+01   3.3100e+01
   2.0000e+00   4.0000e+00   8.0000e+00   1.0000e+00   9.5000e+01   1.3550e+02   5.9630e+02   2.1300e+01   3.0600e+01
   5.0000e+00   4.0000e+00   8.0000e+00   2.0000e+00   9.5100e+01   1.4130e+02   6.0580e+02   1.7700e+01   2.4100e+01
   5.0000e+00   4.0000e+00   8.0000e+00   2.0000e+00   9.5100e+01   1.4130e+02   6.0580e+02   1.7700e+01   2.6400e+01
   4.0000e+00   4.0000e+00   8.0000e+00   2.0000e+00   9.5100e+01   1.4130e+02   6.0580e+02   1.7700e+01   1.9400e+01
   4.0000e+00   4.0000e+00   8.0000e+00   3.0000e+00   9.5100e+01   1.4130e+02   6.0580e+02   1.7700e+01   2.0600e+01
   4.0000e+00   4.0000e+00   8.0000e+00   3.0000e+00   9.5100e+01   1.4130e+02   6.0580e+02   1.7700e+01   2.8700e+01
   4.0000e+00   4.0000e+00   8.0000e+00   4.0000e+00   9.5800e+01   1.5200e+02   6.2410e+02   1.3800e+01   3.2400e+01
   1.0000e+00   3.0000e+00   8.0000e+00   5.0000e+00   9.5900e+01   1.5800e+02   6.3360e+02   1.1300e+01   3.2400e+01
   1.0000e+00   3.0000e+00   8.0000e+00   5.0000e+00   9.5900e+01   1.5800e+02   6.3360e+02   1.1300e+01   2.7500e+01
   6.0000e+00   6.0000e+00   8.0000e+00   6.0000e+00   9.6000e+01   1.6400e+02   6.4300e+02   1.4000e+01   3.0800e+01
   6.0000e+00   6.0000e+00   8.0000e+00   1.0000e+00   9.6200e+01   1.7550e+02   6.6180e+02   1.6800e+01   2.3900e+01
   4.0000e+00   5.0000e+00   8.0000e+00   1.0000e+00   9.6200e+01   1.7550e+02   6.6180e+02   1.6800e+01   3.2600e+01
   3.0000e+00   4.0000e+00   8.0000e+00   2.0000e+00   9.6100e+01   1.8110e+02   6.7120e+02   1.4300e+01   3.2300e+01
   6.0000e+00   5.0000e+00   8.0000e+00   2.0000e+00   9.6100e+01   1.8110e+02   6.7120e+02   1.4300e+01   3.3300e+01
   7.0000e+00   5.0000e+00   8.0000e+00   2.0000e+00   9.6100e+01   1.8110e+02   6.7120e+02   1.4300e+01   2.7300e+01
   8.0000e+00   6.0000e+00   8.0000e+00   2.0000e+00   9.6100e+01   1.8110e+02   6.7120e+02   1.4300e+01   2.1600e+01
   7.0000e+00   5.0000e+00   8.0000e+00   2.0000e+00   9.6100e+01   1.8110e+02   6.7120e+02   1.4300e+01   2.1600e+01
   4.0000e+00   4.0000e+00   8.0000e+00   2.0000e+00   9.6100e+01   1.8110e+02   6.7120e+02   1.4300e+01   2.0700e+01
   2.0000e+00   4.0000e+00   8.0000e+00   3.0000e+00   9.4500e+01   1.3940e+02   6.8910e+02   2.0000e+01   2.9200e+01
   4.0000e+00   3.0000e+00   8.0000e+00   3.0000e+00   9.4500e+01   1.3940e+02   6.8910e+02   2.0000e+01   2.8900e+01
   1.0000e+00   2.0000e+00   8.0000e+00   4.0000e+00   9.1000e+01   1.6320e+02   7.4440e+02   1.0100e+01   2.6700e+01
   1.0000e+00   2.0000e+00   8.0000e+00   5.0000e+00   9.1000e+01   1.6690e+02   7.5260e+02   7.1000e+00   1.8500e+01
   2.0000e+00   4.0000e+00   8.0000e+00   5.0000e+00   9.1000e+01   1.6690e+02   7.5260e+02   7.1000e+00   2.5900e+01
   1.0000e+00   2.0000e+00   8.0000e+00   5.0000e+00   9.1000e+01   1.6690e+02   7.5260e+02   7.1000e+00   2.5900e+01
   5.0000e+00   4.0000e+00   8.0000e+00   5.0000e+00   9.1000e+01   1.6690e+02   7.5260e+02   7.1000e+00   2.1100e+01
   6.0000e+00   5.0000e+00   8.0000e+00   5.0000e+00   9.1000e+01   1.6690e+02   7.5260e+02   7.1000e+00   1.8200e+01
   8.0000e+00   6.0000e+00   8.0000e+00   7.0000e+00   8.1600e+01   5.6700e+01   6.6560e+02   1.9000e+00   2.7800e+01
   4.0000e+00   3.0000e+00   8.0000e+00   7.0000e+00   8.1600e+01   5.6700e+01   6.6560e+02   1.9000e+00   2.7800e+01
   2.0000e+00   4.0000e+00   8.0000e+00   7.0000e+00   8.1600e+01   5.6700e+01   6.6560e+02   1.9000e+00   2.1900e+01
   7.0000e+00   4.0000e+00   8.0000e+00   7.0000e+00   8.1600e+01   5.6700e+01   6.6560e+02   1.9000e+00   2.1200e+01
   1.0000e+00   4.0000e+00   8.0000e+00   6.0000e+00   9.4400e+01   1.4600e+02   6.1470e+02   1.1300e+01   2.5600e+01
   6.0000e+00   3.0000e+00   1.1000e+01   2.0000e+00   7.9500e+01   3.0000e+00   1.0670e+02   1.1000e+00   1.1800e+01

 Columns 10 through 13:

   5.1000e+01   6.7000e+00   0.0000e+00   0.0000e+00
   3.3000e+01   9.0000e-01   0.0000e+00   0.0000e+00
   3.3000e+01   1.3000e+00   0.0000e+00   0.0000e+00
   9.7000e+01   4.0000e+00   2.0000e-01   0.0000e+00
   9.9000e+01   1.8000e+00   0.0000e+00   0.0000e+00
   2.9000e+01   5.4000e+00   0.0000e+00   0.0000e+00
   2.7000e+01   3.1000e+00   0.0000e+00   0.0000e+00
   8.6000e+01   2.2000e+00   0.0000e+00   0.0000e+00
   6.3000e+01   5.4000e+00   0.0000e+00   0.0000e+00
   4.0000e+01   4.0000e+00   0.0000e+00   0.0000e+00
   5.1000e+01   7.2000e+00   0.0000e+00   0.0000e+00
   3.8000e+01   4.0000e+00   0.0000e+00   0.0000e+00
   7.2000e+01   6.7000e+00   0.0000e+00   0.0000e+00
   4.2000e+01   2.2000e+00   0.0000e+00   0.0000e+00
   2.1000e+01   4.5000e+00   0.0000e+00   0.0000e+00
   4.4000e+01   5.4000e+00   0.0000e+00   0.0000e+00
   2.7000e+01   5.4000e+00   0.0000e+00   0.0000e+00
   4.7000e+01   4.9000e+00   0.0000e+00   0.0000e+00
   3.5000e+01   4.0000e+00   0.0000e+00   0.0000e+00
   4.4000e+01   4.5000e+00   0.0000e+00   0.0000e+00
   4.0000e+01   2.7000e+00   0.0000e+00   0.0000e+00
   3.8000e+01   2.7000e+00   0.0000e+00   0.0000e+00
   4.4000e+01   4.5000e+00   0.0000e+00   0.0000e+00
   4.3000e+01   5.8000e+00   0.0000e+00   0.0000e+00
   3.2000e+01   5.8000e+00   0.0000e+00   0.0000e+00
   6.0000e+01   5.4000e+00   0.0000e+00   0.0000e+00
   3.4000e+01   5.8000e+00   0.0000e+00   0.0000e+00
   4.8000e+01   1.3000e+00   0.0000e+00   0.0000e+00
   2.4000e+01   2.7000e+00   0.0000e+00   0.0000e+00
   3.9000e+01   3.6000e+00   0.0000e+00   0.0000e+00
   2.4000e+01   3.6000e+00   0.0000e+00   0.0000e+00
   7.8000e+01   7.6000e+00   0.0000e+00   0.0000e+00
   3.7000e+01   1.8000e+00   0.0000e+00   0.0000e+00
   3.9000e+01   3.6000e+00   0.0000e+00   0.0000e+00
   3.2000e+01   2.7000e+00   0.0000e+00   0.0000e+00
   6.2000e+01   4.5000e+00   0.0000e+00   0.0000e+00
   2.4000e+01   4.5000e+00   0.0000e+00   0.0000e+00
   6.0000e+01   5.4000e+00   0.0000e+00   0.0000e+00
   2.7000e+01   4.0000e+00   0.0000e+00   0.0000e+00
   4.3000e+01   2.7000e+00   0.0000e+00   0.0000e+00
   3.7000e+01   3.1000e+00   0.0000e+00   0.0000e+00
   4.2000e+01   6.7000e+00   0.0000e+00   0.0000e+00
   5.4000e+01   5.4000e+00   0.0000e+00   0.0000e+00
   4.8000e+01   2.7000e+00   0.0000e+00   0.0000e+00
   7.4000e+01   4.9000e+00   0.0000e+00   0.0000e+00
   2.4000e+01   4.0000e+00   0.0000e+00   0.0000e+00
   7.0000e+01   3.6000e+00   0.0000e+00   0.0000e+00
   3.6000e+01   3.1000e+00   0.0000e+00   0.0000e+00
   3.5000e+01   1.8000e+00   0.0000e+00   0.0000e+00
   4.6000e+01   5.8000e+00   0.0000e+00   0.0000e+00
   1.7000e+01   1.3000e+00   0.0000e+00   0.0000e+00
   3.4000e+01   2.2000e+00   0.0000e+00   0.0000e+00
   4.2000e+01   4.9000e+00   0.0000e+00   0.0000e+00
   4.2000e+01   4.9000e+00   0.0000e+00   0.0000e+00
   4.5000e+01   3.6000e+00   0.0000e+00   0.0000e+00
   2.4000e+01   2.2000e+00   0.0000e+00   0.0000e+00
   6.3000e+01   4.9000e+00   0.0000e+00   0.0000e+00
   5.0000e+01   2.7000e+00   0.0000e+00   0.0000e+00
   4.0000e+01   5.4000e+00   0.0000e+00   0.0000e+00
   5.1000e+01   9.0000e-01   0.0000e+00   0.0000e+00
   3.9000e+01   5.8000e+00   0.0000e+00   0.0000e+00
   5.9000e+01   6.3000e+00   0.0000e+00   0.0000e+00
   3.5000e+01   4.9000e+00   0.0000e+00   0.0000e+00
   3.3000e+01   2.7000e+00   0.0000e+00   0.0000e+00
   3.1000e+01   3.1000e+00   0.0000e+00   0.0000e+00
   4.4000e+01   4.5000e+00   0.0000e+00   0.0000e+00
   3.7000e+01   4.5000e+00   0.0000e+00   0.0000e+00
   3.3000e+01   5.4000e+00   0.0000e+00   0.0000e+00
   3.3000e+01   6.3000e+00   0.0000e+00   0.0000e+00
   2.6000e+01   4.5000e+00   0.0000e+00   0.0000e+00
   2.7000e+01   7.6000e+00   0.0000e+00   0.0000e+00
   3.7000e+01   3.6000e+00   0.0000e+00   0.0000e+00
   2.5000e+01   6.3000e+00   0.0000e+00   0.0000e+00
   4.3000e+01   4.5000e+00   0.0000e+00   0.0000e+00
   3.0000e+01   1.3000e+00   0.0000e+00   0.0000e+00
   7.9000e+01   3.1000e+00   0.0000e+00   0.0000e+00
   4.3000e+01   3.1000e+00   0.0000e+00   0.0000e+00
   7.2000e+01   3.1000e+00   0.0000e+00   0.0000e+00
   6.6000e+01   2.7000e+00   0.0000e+00   0.0000e+00
   1.9000e+01   6.7000e+00   0.0000e+00   0.0000e+00
   3.9000e+01   6.3000e+00   0.0000e+00   0.0000e+00
   4.4000e+01   2.2000e+00   0.0000e+00   0.0000e+00
   5.1000e+01   4.5000e+00   0.0000e+00   0.0000e+00
   4.7000e+01   9.0000e-01   0.0000e+00   0.0000e+00
   4.5000e+01   3.6000e+00   0.0000e+00   0.0000e+00
   1.5000e+01   9.0000e-01   0.0000e+00   0.0000e+00
   2.7000e+01   2.2000e+00   0.0000e+00   0.0000e+00
   3.4000e+01   2.2000e+00   0.0000e+00   0.0000e+00
   3.6000e+01   3.6000e+00   0.0000e+00   0.0000e+00
   2.5000e+01   4.9000e+00   0.0000e+00   0.0000e+00
   5.9000e+01   5.8000e+00   0.0000e+00   0.0000e+00
   2.4000e+01   5.4000e+00   0.0000e+00   0.0000e+00
   3.2000e+01   6.3000e+00   0.0000e+00   0.0000e+00
   4.3000e+01   4.9000e+00   0.0000e+00   0.0000e+00
   2.2000e+01   2.7000e+00   0.0000e+00   0.0000e+00
   6.4000e+01   1.3000e+00   0.0000e+00   0.0000e+00
   4.8000e+01   1.8000e+00   0.0000e+00   0.0000e+00
   2.4000e+01   5.4000e+00   0.0000e+00   0.0000e+00
   8.7000e+01   4.5000e+00   0.0000e+00   0.0000e+00
   3.9000e+01   5.4000e+00   0.0000e+00   0.0000e+00
   3.9000e+01   5.4000e+00   0.0000e+00   0.0000e+00
   6.6000e+01   5.4000e+00   0.0000e+00   0.0000e+00
   4.0000e+01   4.0000e+00   0.0000e+00   0.0000e+00
   2.9000e+01   4.5000e+00   0.0000e+00   0.0000e+00
   7.8000e+01   3.1000e+00   0.0000e+00   0.0000e+00
   5.2000e+01   6.3000e+00   0.0000e+00   0.0000e+00
   2.9000e+01   3.1000e+00   0.0000e+00   0.0000e+00
   3.3000e+01   3.1000e+00   0.0000e+00   0.0000e+00
   4.5000e+01   3.1000e+00   0.0000e+00   0.0000e+00
   5.6000e+01   5.4000e+00   0.0000e+00   0.0000e+00
   4.3000e+01   5.8000e+00   0.0000e+00   0.0000e+00
   1.8000e+01   4.5000e+00   0.0000e+00   0.0000e+00
   3.9000e+01   3.6000e+00   0.0000e+00   0.0000e+00
   3.5000e+01   2.7000e+00   0.0000e+00   0.0000e+00
   2.7000e+01   7.6000e+00   0.0000e+00   0.0000e+00
   2.7000e+01   6.3000e+00   0.0000e+00   0.0000e+00
   3.0000e+01   6.3000e+00   0.0000e+00   0.0000e+00
   2.7000e+01   4.9000e+00   0.0000e+00   0.0000e+00
   3.0000e+01   4.0000e+00   0.0000e+00   0.0000e+00
   3.6000e+01   3.1000e+00   0.0000e+00   0.0000e+00
   7.4000e+01   2.2000e+00   0.0000e+00   0.0000e+00
   4.3000e+01   5.4000e+00   0.0000e+00   0.0000e+00
   4.2000e+01   5.4000e+00   0.0000e+00   0.0000e+00
   4.5000e+01   3.1000e+00   0.0000e+00   0.0000e+00
   5.0000e+01   5.4000e+00   0.0000e+00   0.0000e+00
   2.4000e+01   5.4000e+00   0.0000e+00   0.0000e+00
   4.9000e+01   2.2000e+00   0.0000e+00   0.0000e+00
   4.3000e+01   3.1000e+00   0.0000e+00   0.0000e+00
   4.6000e+01   3.6000e+00   0.0000e+00   0.0000e+00
   3.5000e+01   9.0000e-01   0.0000e+00   0.0000e+00
   4.0000e+01   2.7000e+00   0.0000e+00   0.0000e+00
   3.9000e+01   3.1000e+00   0.0000e+00   0.0000e+00
   4.6000e+01   4.9000e+00   0.0000e+00   0.0000e+00
   4.2000e+01   3.1000e+00   0.0000e+00   0.0000e+00
   3.8000e+01   2.7000e+00   0.0000e+00   0.0000e+00
   5.2000e+01   5.8000e+00   0.0000e+00   0.0000e+00
   5.8000e+01   1.3000e+00   0.0000e+00   0.0000e+00
   6.6000e+01   3.1000e+00   0.0000e+00   0.0000e+00
   4.2000e+01   2.7000e+00   0.0000e+00   3.6000e-01
   3.8000e+01   2.2000e+00   0.0000e+00   4.3000e-01
   3.9000e+01   1.8000e+00   0.0000e+00   4.7000e-01
   3.1000e+01   4.5000e+00   0.0000e+00   5.5000e-01
   5.1000e+01   8.9000e+00   0.0000e+00   6.1000e-01
   5.3000e+01   5.4000e+00   0.0000e+00   7.1000e-01
   3.2000e+01   5.4000e+00   0.0000e+00   7.7000e-01
   2.2000e+01   4.0000e+00   0.0000e+00   9.0000e-01
   4.0000e+01   5.4000e+00   0.0000e+00   9.5000e-01
   2.8000e+01   3.6000e+00   0.0000e+00   9.6000e-01
   4.3000e+01   6.7000e+00   0.0000e+00   1.0700e+00
   2.5000e+01   4.5000e+00   0.0000e+00   1.1200e+00
   3.9000e+01   5.4000e+00   0.0000e+00   1.1900e+00
   2.9000e+01   2.2000e+00   0.0000e+00   1.3600e+00
   4.3000e+01   1.8000e+00   0.0000e+00   1.4300e+00
   4.7000e+01   4.9000e+00   0.0000e+00   1.4600e+00
   2.7000e+01   2.7000e+00   0.0000e+00   1.4600e+00
   4.7000e+01   1.3000e+00   0.0000e+00   1.5600e+00
   2.7000e+01   2.2000e+00   0.0000e+00   1.6100e+00
   4.5000e+01   3.6000e+00   0.0000e+00   1.6300e+00
   3.5000e+01   4.0000e+00   0.0000e+00   1.6400e+00
   3.4000e+01   5.8000e+00   0.0000e+00   1.6900e+00
   2.9000e+01   3.1000e+00   0.0000e+00   1.7500e+00
   4.1000e+01   4.0000e+00   0.0000e+00   1.9000e+00
   3.1000e+01   8.5000e+00   0.0000e+00   1.9400e+00
   5.6000e+01   1.8000e+00   0.0000e+00   1.9500e+00
   6.7000e+01   2.2000e+00   0.0000e+00   2.0100e+00
   7.0000e+01   4.5000e+00   0.0000e+00   2.1400e+00
   4.7000e+01   9.0000e-01   0.0000e+00   2.2900e+00
   3.3000e+01   4.5000e+00   0.0000e+00   2.5100e+00
   2.6000e+01   9.4000e+00   0.0000e+00   2.5300e+00
   4.5000e+01   2.2000e+00   0.0000e+00   2.5500e+00
   3.5000e+01   1.8000e+00   0.0000e+00   2.5700e+00
   5.0000e+01   4.0000e+00   0.0000e+00   2.6900e+00
   3.9000e+01   5.4000e+00   0.0000e+00   2.7400e+00
   3.9000e+01   2.2000e+00   0.0000e+00   3.0700e+00
   5.3000e+01   1.8000e+00   0.0000e+00   3.5000e+00
   3.9000e+01   4.9000e+00   0.0000e+00   4.5300e+00
   5.4000e+01   5.8000e+00   0.0000e+00   4.6100e+00
   4.4000e+01   2.7000e+00   0.0000e+00   4.6900e+00
   4.5000e+01   2.2000e+00   0.0000e+00   4.8800e+00
   6.6000e+01   5.4000e+00   0.0000e+00   5.2300e+00
   3.2000e+01   6.7000e+00   0.0000e+00   5.3300e+00
   3.2000e+01   4.0000e+00   0.0000e+00   5.4400e+00
   5.3000e+01   2.2000e+00   0.0000e+00   6.3800e+00
   4.5000e+01   4.5000e+00   0.0000e+00   6.8300e+00
   3.4000e+01   4.9000e+00   0.0000e+00   6.9600e+00
   4.6000e+01   3.1000e+00   0.0000e+00   7.0400e+00
   3.9000e+01   5.8000e+00   0.0000e+00   7.1900e+00
   4.2000e+01   2.2000e+00   0.0000e+00   7.3000e+00
   4.2000e+01   9.0000e-01   0.0000e+00   7.4000e+00
   6.0000e+01   4.0000e+00   0.0000e+00   8.2400e+00
   3.3000e+01   4.0000e+00   0.0000e+00   8.3100e+00
   2.8000e+01   2.7000e+00   0.0000e+00   8.6800e+00
   2.2000e+01   4.5000e+00   0.0000e+00   8.7100e+00
   2.5000e+01   4.0000e+00   0.0000e+00   9.4100e+00
   2.2000e+01   4.5000e+00   0.0000e+00   1.0010e+01
   3.6000e+01   5.4000e+00   0.0000e+00   1.0020e+01
   5.4000e+01   5.8000e+00   0.0000e+00   1.0930e+01
   1.5000e+01   9.0000e-01   0.0000e+00   1.1060e+01
   5.9000e+01   6.3000e+00   0.0000e+00   1.1240e+01
   3.8000e+01   3.6000e+00   0.0000e+00   1.1320e+01
   3.3000e+01   2.2000e+00   0.0000e+00   1.1530e+01
   5.4000e+01   3.6000e+00   0.0000e+00   1.2100e+01
   6.8000e+01   2.2000e+00   0.0000e+00   1.3050e+01
   3.7000e+01   2.7000e+00   0.0000e+00   1.3700e+01
   6.4000e+01   4.0000e+00   0.0000e+00   1.3990e+01
   3.4000e+01   1.8000e+00   0.0000e+00   1.4570e+01
   3.1000e+01   7.2000e+00   0.0000e+00   1.5450e+01
   3.7000e+01   2.2000e+00   0.0000e+00   1.7200e+01
   3.3000e+01   6.3000e+00   0.0000e+00   1.9230e+01
   2.6000e+01   4.9000e+00   0.0000e+00   2.3410e+01
   2.5000e+01   3.1000e+00   0.0000e+00   2.4230e+01
   9.6000e+01   5.8000e+00   0.0000e+00   2.6000e+01
   4.7000e+01   4.9000e+00   0.0000e+00   2.6130e+01
   4.6000e+01   5.8000e+00   0.0000e+00   2.7350e+01
   2.7000e+01   4.9000e+00   0.0000e+00   2.8660e+01
   2.7000e+01   4.9000e+00   0.0000e+00   2.8660e+01
   6.0000e+01   1.3000e+00   0.0000e+00   2.9480e+01
   7.3000e+01   6.3000e+00   0.0000e+00   3.0320e+01
   1.9000e+01   1.3000e+00   0.0000e+00   3.1720e+01
   2.7000e+01   3.1000e+00   0.0000e+00   3.1860e+01
   5.9000e+01   3.1000e+00   0.0000e+00   3.2070e+01
   4.9000e+01   3.6000e+00   0.0000e+00   3.5880e+01
   4.6000e+01   5.8000e+00   0.0000e+00   3.6850e+01
   7.9000e+01   3.6000e+00   0.0000e+00   3.7020e+01
   5.7000e+01   4.5000e+00   0.0000e+00   3.7710e+01
   3.9000e+01   4.9000e+00   0.0000e+00   4.8550e+01
   4.4000e+01   4.0000e+00   0.0000e+00   4.9370e+01
   3.4000e+01   4.5000e+00   0.0000e+00   5.8300e+01
   2.6000e+01   3.1000e+00   0.0000e+00   6.4100e+01
   4.3000e+01   4.0000e+00   0.0000e+00   7.1300e+01
   2.1000e+01   4.5000e+00   0.0000e+00   8.8490e+01
   2.7000e+01   3.1000e+00   0.0000e+00   9.5180e+01
   4.3000e+01   2.7000e+00   0.0000e+00   1.0339e+02
   3.6000e+01   3.1000e+00   0.0000e+00   1.0566e+02
   2.5000e+01   3.1000e+00   0.0000e+00   1.5488e+02
   4.1000e+01   5.8000e+00   0.0000e+00   1.9648e+02
   4.6000e+01   1.8000e+00   0.0000e+00   2.0094e+02
   4.0000e+01   2.2000e+00   0.0000e+00   2.1288e+02
   2.7000e+01   4.0000e+00   0.0000e+00   1.0908e+03
 